1940.8
196.8
230.4
592.0
352.0
844.8
676.8
352.0
332.8
342.4
364.8
537.6
867.2
2332.8
204.8
331.1
657.5
358.4
280.0
3464.0
1920.0
260.8
1732.8
742.4
641.6
377.6
332.8
364.8
552.0
1305.6
1883.2
3739.2
1254.4
287.9
288.0
665.6
1664.0
1408.0
640.0
316.7
745.6
332.8
400.0
395.2
460.8
1984.0
1982.4
588.8
294.3
569.6
537.6
246.4
4104.0
512.0
590.4
888.0
230.4
1726.4
1104.0
204.8
712.0
1347.2
384.0
912.0
2179.2
332.8
969.5
1318.4
691.2
265.6
249.6
204.8
681.6
652.8
819.2
809.6
408.0
1024.0
190.4
612.8
384.0
427.2
758.4
256.0
371.2
969.6
793.6
841.6
816.0
793.6
1584.0
800.0
793.6
763.2
2358.3999
716.8
1519.9
758.4
768.0
817.6
780.8
819.2
908.8
1603.2
1536.0
766.4
784.0
768.0
364.8
412.8
716.8
332.8
278.4
153.6
710.4
737.6
691.2
721.6
820.8
230.4
779.2
465.6
947.2
227.2
289.6
1280.0
448.0
843.1
640.0
473.6
1331.2
512.0
356.8
1036.8
819.2
558.4
3144.0
1459.2
4351.8999
1144.0
3814.3999
603.2
284.8
460.8
225.6
318.4
588.8
1001.6
353.6
435.2
4243.2002
862.4
2662.3999
539.2
244.8
2201.6001
785.6
1268.8
409.6
1291.2
332.8
256.0
252.8
420.8
972.8
344.0
355.2
1945.6
4630.3999
2854.3
563.2
641.6
1147.2
3123.2
1206.4
990.4
1510.4
1145.6
867.2
3481.6001
420.8
588.8
896.0
513.6
246.4
384.0
763.2
568.0
435.2
331.1
659.2
1356.8
819.2
1284.8
307.2
342.4
1524.8
281.6
1022.4
907.2
972.8
1800.0
270.4
281.6
544.0
689.6
896.0
972.8
385.6
614.4
168.0
296.0
409.6
342.3
756.8
281.6
393.6
1014.4
640.0
406.4
294.4
691.2
2531.2
1817.6
256.0
326.4
473.6
307.2
752.0
627.2
435.2
1769.6
475.2
409.6
1268.8
940.8
3788.8
1750.4
876.8
665.6
508.8
286.4
691.2
616.0
1270.4
512.0
5273.6001
390.4
1433.6
1214.4
734.4
614.4
900.8
1334.4
460.8
1595.2
793.5
2278.3999
339.2
673.6
256.0
1787.2
326.4
332.8
569.6
1195.2
486.4
873.6
1238.4
230.4
688.0
417.6
384.0
604.8
2321.6001
1254.4
529.6
244.8
537.6
1358.4
3326.3999
896.0
520.0
265.6
998.4
561.6
2960.0
384.0
646.3
289.6
1152.0
348.8
902.4
537.6
408.0
276.8
1075.2
308.8
254.4
256.0
176.0
555.2
486.4
1644.8
812.8
332.8
1203.2
771.2
332.8
388.8
203.2
512.0
379.2
435.2
384.0
264.0
393.6
358.4
2740.8
492.8
665.6
3401.6001
2993.6001
1152.0
4166.3999
225.6
1203.2
675.2
1016.0
230.4
382.4
523.2
332.8
468.8
651.2
204.8
649.6
1128.0
358.4
256.0
260.8
691.2
448.0
1339.2
384.0
678.4
1332.8
742.4
278.4
688.0
1049.6
392.0
272.0
256.0
1875.2
1049.6
768.0
1369.6
193.6
1305.6
1296.0
1536.0
2048.0
