588.8
1299.2
716.8
656.0
648.0
768.0
657.5
379.2
819.2
1313.6
387.2
460.8
3244.8
987.2
153.6
224.0
1764.8
512.0
1216.0
1734.4
2508.8
585.6
558.4
3507.2
540.8
2648.0
460.8
931.2
496.0
486.4
1276.8
1196.8
588.8
648.0
1558.4
793.6
400.0
782.4
409.6
712.0
3017.6001
921.6
417.6
2443.2
332.8
371.2
188.8
358.4
1902.4
2440.0
768.0
392.0
660.8
307.2
504.0
1657.6
588.8
892.8
670.4
435.2
305.6
265.6
230.4
296.0
305.6
1024.0
291.2
382.4
384.0
529.6
1001.6
204.8
600.0
598.4
614.4
505.6
342.4
230.4
251.2
828.8
358.4
593.6
444.8
486.4
604.8
534.4
281.6
608.0
478.4
230.4
470.4
494.4
512.0
387.2
996.8
384.0
275.2
723.1
281.6
256.0
513.6
358.4
267.2
1124.8
1408.0
321.6
174.4
307.2
344.0
355.2
1433.6
491.2
444.8
230.4
923.2
379.2
179.2
512.0
513.6
358.4
600.0
593.5
4531.2002
606.4
1139.2
307.2
1144.0
1656.0
1382.4
692.8
379.2
3379.2
1491.2
681.6
640.0
408.0
401.6
1126.4
265.6
254.4
1280.0
302.4
446.4
332.8
1932.8
326.4
716.8
480.0
988.8
640.0
308.8
491.2
307.2
262.4
411.2
486.4
2444.8
448.0
307.2
164.8
462.4
486.4
462.4
489.6
716.8
768.0
262.4
409.6
308.8
763.2
1203.2
747.2
564.8
358.4
212.8
1920.0
1408.0
2044.8
292.8
332.8
1115.2
812.8
716.8
1216.0
324.8
614.4
1067.2
633.6
716.8
688.0
928.0
409.6
264.0
278.4
281.6
614.4
408.0
256.0
393.6
508.8
537.6
446.4
220.8
640.0
640.0
643.2
204.8
516.8
321.6
1433.6
934.4
948.8
486.4
369.6
483.2
1177.6
2321.5
360.0
230.4
1108.8
264.0
384.0
497.6
483.2
1433.6
712.0
694.4
204.8
518.4
2097.6001
384.0
427.1
363.2
435.2
921.6
528.0
256.0
865.6
584.0
947.2
438.4
462.4
614.4
374.4
262.4
1305.6
907.2
480.0
204.8
963.2
403.2
460.8
571.2
779.2
588.8
180.8
628.8
665.6
649.6
496.0
1510.4
188.8
1268.8
537.6
176.0
803.2
358.4
886.4
384.0
896.0
230.4
393.6
486.4
921.6
644.8
819.2
377.6
347.2
281.6
643.2
206.4
486.4
489.6
483.2
281.6
646.4
2344.0
409.6
750.3
1028.8
563.2
344.0
470.4
486.4
345.6
320.0
1331.2
590.4
230.4
384.0
435.2
535.9
640.0
396.8
307.2
1280.0
702.4
475.2
153.6
689.6
2062.3999
281.6
238.4
264.0
384.0
561.6
393.6
230.4
972.8
1544.0
640.0
320.0
947.2
3328.0
208.0
739.2
409.6
372.8
672.0
153.6
244.8
1177.6
896.0
681.6
536.0
1280.0
980.8
790.4
665.6
616.0
1526.4
2304.0
1881.6
1995.2
1664.0
2776.0
735.9
1484.8
392.0
528.0
1280.0
4480.0
280.0
1152.0
664.0
403.2
972.8
203.2
513.6
358.4
257.6
875.2
307.2
179.2
385.6
358.4
392.0
904.0
768.0
681.6
523.2
332.8
307.2
648.0
256.0
513.6
628.8
281.6
516.8
196.8
486.4
651.2
464.0
588.8
267.2
483.2
281.6
264.0
771.2
972.8
336.0
212.8
512.0
350.4
240.0
230.4
1585.6
536.0
256.0
369.6
212.8
256.0
534.4
163.2
870.4
326.4
224.0
460.8
916.8
192.0
691.2
523.2
342.4
486.4
371.2
331.2
512.0
308.8
372.8
665.6
328.0
323.2
1408.0
464.0
464.0
1868.8
640.0
531.2
204.8
259.2
350.4
230.4
636.8
1568.0
793.6
476.8
641.6
742.4
283.2
249.6
332.8
230.4
649.6
230.4
326.4
206.4
742.4
699.2
401.6
230.4
716.8
516.8
307.2
345.6
307.2
512.0
625.6
734.3
358.4
624.0
1278.4
384.0
363.2
833.6
281.6
908.8
1075.2
1408.0
456.0
328.0
435.2
284.8
350.4
486.4
363.2
316.8
230.4
264.0
652.8
435.2
228.7
652.8
691.2
648.0
268.7
563.2
400.0
279.9
640.0
732.8
768.0
384.0
347.2
680.0
665.6
1336.0
585.6
281.6
516.8
441.6
921.6
686.4
713.6
1689.6
625.6
990.4
614.4
617.6
1104.0
844.8
675.2
502.4
896.0
728.0
716.8
640.0
515.2
337.6
819.2
696.0
576.0
435.2
273.5
374.4
256.0
721.6
697.6
537.6
307.2
270.4
281.6
720.0
723.2
665.6
828.8
489.6
332.8
222.4
1003.2
179.2
420.8
860.8
640.0
763.2
713.6
537.6
318.4
211.2
1049.6
720.0
740.7
640.0
668.8
1875.1
281.6
715.2
520.0
896.0
640.0
270.4
665.6
561.5
652.8
691.2
699.2
1430.4
665.6
700.8
374.4
256.0
678.4
828.8
230.4
262.4
419.2
230.4
686.4
710.4
716.8
396.8
313.6
665.6
536.0
270.4
281.6
374.4
396.7
563.2
937.6
662.4
537.6
385.6
371.2
1203.2
312.0
3910.3999
460.8
806.3
566.4
588.8
313.6
411.2
486.4
689.6
264.0
1664.0
892.8
171.2
486.4
171.1
361.6
716.8
489.6
478.4
1126.4
454.4
212.8
256.0
265.6
1019.2
819.2
804.8
347.2
665.6
496.0
614.4
256.0
300.8
987.2
537.6
848.0
857.6
1587.2
428.8
464.0
332.8
1001.6
336.0
332.8
792.0
396.7
563.2
593.6
448.0
307.2
1544.0
403.2
332.8
587.2
791.9
640.0
443.2
275.2
588.8
751.9
766.4
768.0
665.6
256.0
896.0
575.9
584.0
435.2
299.2
1388.7
281.6
276.8
438.4
204.8
384.0
779.2
460.8
283.2
489.6
588.8
296.0
289.6
768.0
574.4
726.3
742.4
611.2
164.8
588.8
660.8
2880.0
435.2
403.2
340.8
768.0
244.8
540.8
204.8
659.2
598.3
742.4
635.2
320.0
307.2
396.7
580.7
358.4
798.4
312.0
179.2
422.4
201.6
409.6
1150.4
384.0
1024.0
788.8
201.6
1049.6
422.4
198.4
332.8
758.4
1296.0
256.0
254.4
393.5
742.4
664.0
278.4
409.6
340.8
534.4
153.6
467.2
414.4
563.2
752.0
627.2
307.2
208.0
214.4
870.4
156.8
588.8
640.0
286.4
438.4
844.8
756.8
940.8
588.8
374.4
1028.8
179.2
276.8
329.6
153.6
476.8
265.6
230.4
294.4
459.2
256.0
494.4
262.4
665.6
240.0
492.8
537.6
697.6
686.4
435.2
267.2
721.6
179.2
566.4
353.6
307.2
721.6
950.4
588.8
313.6
550.3
563.2
769.6
753.6
716.8
739.2
160.0
537.6
214.4
1272.0
230.4
468.8
774.4
153.6
1304.0
404.8
307.2
774.4
171.2
1254.4
761.6
721.6
179.2
251.2
705.6
281.6
892.8
547.1
742.4
483.2
153.6
768.0
689.6
896.0
384.0
889.6
716.8
384.0
388.8
705.6
153.6
560.0
169.6
512.0
908.7
574.4
716.8
200.0
566.4
716.8
753.6
739.2
153.6
438.4
852.8
896.0
348.8
400.0
256.0
467.1
304.0
153.6
331.2
385.6
614.4
744.0
891.2
691.2
548.8
1891.2
281.6
729.6
198.4
588.8
739.2
688.0
153.6
606.4
630.4
256.0
555.2
766.4
768.0
736.0
736.0
716.8
784.0
899.2
588.8
2296.0
246.4
256.0
156.8
601.6
179.2
454.4
1624.0
716.8
515.2
718.4
742.4
190.4
352.0
204.8
739.2
169.6
512.0
779.2
332.8
1792.0
747.2
187.2
768.0
558.4
696.0
691.2
248.0
486.4
384.0
352.0
844.8
768.0
710.4
209.6
435.2
356.8
388.8
563.2
212.8
392.0
256.0
390.4
433.5
640.0
222.4
254.4
256.0
428.8
212.8
256.0
777.6
369.6
972.8
5497.6001
3556.8
1664.0
491.2
584.0
307.2
252.8
5806.3999
563.2
275.2
225.6
1075.2
1068.8
846.4
486.4
265.6
491.2
691.2
310.4
598.4
3558.3999
1067.2
3177.6001
716.8
364.8
1320.0
1945.6
267.2
225.6
819.2
729.6
456.0
179.2
990.4
2918.3999
384.0
787.2
5334.3999
2022.4
1540.8
179.2
256.0
332.8
393.6
2790.3999
1280.0
384.0
384.0
267.2
480.0
588.8
923.2
249.6
332.8
523.2
1760.0
1356.8
435.2
260.8
563.2
448.0
440.0
307.2
424.0
169.6
3072.0
2059.2
612.8
384.0
1185.6
264.0
1280.0
561.6
267.2
844.8
2593.6001
256.0
896.0
273.6
1126.4
512.0
676.8
334.4
486.4
216.0
465.6
1715.2
267.2
1764.8
256.0
608.0
2003.2
3097.6001
1572.8
464.0
2636.8
387.2
476.8
256.0
264.0
652.8
691.2
609.6
459.1
640.0
208.0
214.4
486.4
414.4
312.0
691.2
326.4
340.8
384.0
742.4
787.2
460.8
304.0
169.6
512.0
376.0
235.2
563.2
363.2
312.0
435.2
344.0
734.3
358.4
315.2
404.8
691.2
260.8
454.4
588.8
836.8
747.2
1587.2
287.9
283.2
230.4
289.6
640.0
256.0
340.8
395.2
588.8
612.8
256.0
1024.0
473.6
444.8
230.4
312.0
835.2
256.0
409.6
280.0
256.0
216.0
211.1
281.6
331.2
392.0
640.0
416.0
425.6
768.0
395.2
225.6
563.2
369.6
2150.3
1126.4
958.4
854.4
230.4
864.0
852.8
512.0
307.2
400.0
512.0
267.2
353.6
307.2
156.8
478.4
230.4
524.8
700.8
486.4
232.0
759.9
358.4
772.8
331.2
256.0
320.0
326.4
204.8
428.8
214.4
358.4
604.8
1160.0
256.0
718.4
374.4
640.0
481.6
326.4
204.8
676.8
478.4
742.4
811.2
624.0
998.4
1003.2
438.4
588.8
1140.8
299.2
870.4
617.6
851.2
793.6
286.4
185.6
537.6
350.3
371.2
307.2
425.6
388.8
307.2
748.8
177.6
384.0
940.8
739.2
281.6
236.7
304.0
537.6
272.0
516.8
1331.2
641.6
371.2
307.2
214.4
1008.0
1510.4
1750.4
235.2
691.2
392.0
276.8
179.2
1908.8
667.2
486.4
632.0
240.0
486.4
313.6
678.4
179.2
406.4
550.4
947.2
492.7
296.0
665.6
225.6
830.4
460.8
611.2
556.8
204.8
443.2
641.6
614.4
659.2
595.2
665.6
705.6
432.0
153.6
681.6
532.8
307.2
268.8
329.6
665.6
1136.0
502.4
256.0
374.4
385.6
1126.4
206.4
508.8
537.6
758.4
518.4
1177.6
526.4
926.4
819.2
592.0
736.0
1100.8
401.6
249.6
460.8
300.8
468.8
256.0
366.4
267.2
1612.8
1990.4
1747.1
281.6
257.6
369.6
332.8
227.2
812.8
716.8
921.6
392.0
896.0
896.0
392.0
896.0
419.2
254.3
640.0
675.2
614.4
384.0
1086.4
352.0
204.8
622.4
644.8
691.2
441.6
553.6
1024.0
304.0
292.8
844.8
678.4
320.0
307.2
1107.2
537.6
512.0
2129.6001
704.0
691.2
318.4
219.2
793.6
811.2
1896.0
486.4
648.0
395.2
588.8
278.4
425.6
768.0
288.0
412.8
716.8
251.2
579.2
512.0
340.8
523.2
332.8
505.6
601.6
307.2
264.0
392.0
1280.0
923.2
497.6
460.8
270.4
1201.5
640.0
539.2
1528.0
3430.3999
918.4
2084.8
588.8
2988.8
227.2
2073.6001
323.2
264.0
4864.0
1657.6
464.0
1612.8
508.8
420.8
588.8
628.8
1454.4
563.2
196.8
742.4
384.0
560.0
163.2
870.4
244.8
414.4
563.2
305.6
1419.2
332.8
294.4
1848.0
819.2
491.2
833.6
1945.6
747.2
715.2
1280.0
4272.0
809.6
256.0
1198.4
1472.0
435.2
1435.2
500.8
153.6
697.6
419.2
230.4
350.4
2672.0
1126.4
561.6
524.8
435.2
408.0
275.2
204.8
292.8
334.4
2534.3999
265.5
747.2
307.2
1777.6
2640.0
4556.7998
2985.6001
1171.2
3404.8
216.0
340.8
512.0
720.0
3414.3999
1254.4
844.8
385.6
230.4
352.0
460.8
512.0
268.8
318.4
1484.8
3715.2
227.2
1689.6
596.8
1411.2
716.8
1024.0
1044.8
2739.2
646.4
414.4
563.2
1748.8
912.0
1152.0
2728.0
688.0
793.6
345.6
705.6
281.6
358.4
265.6
486.4
336.0
342.4
358.4
259.2
206.4
358.4
528.0
643.2
460.8
1126.4
272.0
384.0
1548.7
563.2
256.0
379.2
323.2
256.0
516.8
315.2
1152.0
913.5
380.8
2713.6001
1888.0
2896.0
5196.7998
1625.6
3251.2
3584.0
432.0
548.8
3148.8
3240.0
1958.4
5043.2002
1464.0
1464.0
691.2
1094.4
222.3
358.4
875.2
320.0
307.2
225.6
457.6
4377.6001
606.4
2174.3999
256.0
241.6
476.8
384.0
264.0
262.4
409.6
195.2
779.2
588.8
526.4
299.2
230.4
536.0
278.4
281.6
302.4
444.8
1126.4
2019.2
2078.3999
307.2
902.4
939.2
870.4
1355.2
387.2
844.8
569.6
924.8
716.8
740.8
275.2
332.8
204.8
902.3
281.6
859.2
931.2
998.4
238.4
526.4
1305.6
940.8
337.6
435.2
571.2
1803.2
332.8
574.4
593.6
435.2
276.8
843.2
256.0
868.8
275.2
588.8
671.9
305.6
1664.0
798.4
446.4
1740.8
222.4
241.6
460.8
625.6
1496.0
716.8
812.8
862.4
486.4
214.4
2814.3999
128.0
675.2
235.2
435.2
1945.6
528.0
384.0
222.4
489.6
588.8
488.0
492.7
281.6
529.6
496.0
230.4
267.2
206.4
614.4
608.0
606.4
614.4
396.7
582.4
2380.8
241.6
608.0
204.8
380.8
299.1
358.4
409.6
649.6
486.4
200.0
323.2
256.0
769.6
377.6
588.8
337.6
441.5
281.6
395.2
475.2
537.6
182.4
1366.4
358.4
195.2
257.6
742.4
529.5
369.6
204.8
312.0
3006.3999
588.8
824.0
187.2
256.0
1188.8
739.2
409.6
348.8
651.2
332.8
563.2
406.4
537.6
748.8
814.4
3507.2
1171.2
1372.8
256.0
640.0
520.0
640.0
360.0
3174.3999
3200.0
398.4
1585.6
768.0
1864.0
321.6
281.6
675.2
254.4
512.0
2875.2
2960.0
2432.0
3137.6001
5540.7998
588.8
600.0
590.4
2918.3999
395.2
598.4
5222.3999
804.8
604.8
256.0
339.2
172.8
332.8
553.6
654.4
921.6
324.8
891.2
1971.2
296.0
550.4
307.2
273.5
364.8
1177.6
497.6
204.8
1024.0
550.4
180.8
998.4
347.2
305.6
1152.0
427.2
491.2
563.2
753.6
1364.8
384.0
657.6
1512.0
998.4
600.0
600.0
588.8
1569.6
768.0
768.0
729.6
3646.3999
588.8
630.4
3094.3999
1817.6
1804.8
1208.0
563.2
1251.2
1835.2
4582.3999
606.4
3572.8
793.6
651.2
993.6
435.2
782.4
3118.3999
691.2
284.8
721.6
563.2
779.2
470.4
2022.4
2468.8
206.4
1126.4
1136.0
1532.8
793.6
304.0
552.0
537.6
401.6
254.4
896.0
564.8
236.8
793.6
1107.1
302.4
179.2
219.2
1185.6
384.0
332.8
2199.8999
640.0
251.2
715.2
896.0
428.8
212.8
768.0
368.0
254.4
256.0
753.6
601.5
563.2
659.2
468.8
256.0
470.4
358.4
384.0
769.6
630.4
256.0
512.0
643.2
204.8
241.6
356.8
1024.0
651.2
481.6
307.2
211.2
414.4
307.2
785.6
627.2
1331.2
588.8
656.0
768.0
265.6
252.7
1305.6
441.6
419.2
358.4
515.2
473.6
435.2
705.6
304.0
409.6
769.6
241.6
204.8
2072.0
1292.8
1075.2
598.4
235.2
1459.2
192.0
704.0
179.2
715.2
260.8
307.2
264.0
406.4
537.6
491.2
310.4
204.8
651.2
340.8
256.0
1035.2
1228.8
512.0
448.0
694.4
1356.8
1808.0
3718.3999
1689.6
1017.6
336.0
1740.8
345.6
313.6
665.6
272.0
1291.2
588.8
1552.0
529.6
5094.3999
883.2
457.6
409.6
251.2
308.8
230.4
241.6
1376.0
332.8
462.4
248.0
614.4
624.0
616.0
614.4
340.8
279.9
640.0
385.6
382.4
256.0
384.0
513.6
358.4
299.2
625.6
460.8
177.5
660.8
307.2
276.8
184.0
563.2
2083.2
1785.6
1228.8
313.6
1320.0
409.6
272.0
385.6
358.4
288.0
1198.4
307.2
296.0
537.6
640.0
676.8
336.0
204.8
304.0
556.8
716.8
292.8
219.2
281.6
500.8
684.8
204.8
411.2
382.4
256.0
403.2
344.0
204.8
278.4
414.4
307.2
462.4
504.0
742.4
555.2
494.4
256.0
2854.3999
459.2
128.0
1108.8
275.2
332.8
414.4
444.8
230.4
355.2
281.6
1024.0
252.8
292.8
204.8
278.4
281.6
640.0
1116.8
1409.6
486.4
268.8
947.2
512.0
331.2
531.2
588.8
689.5
657.5
358.4
256.0
643.2
332.8
611.2
166.4
819.2
782.4
414.4
435.2
283.2
496.0
614.4
689.6
1284.8
435.2
344.0
476.8
640.0
654.4
801.6
640.0
532.8
835.2
256.0
268.8
696.0
691.2
843.2
512.0
512.0
292.8
478.4
486.4
344.0
345.6
307.2
512.0
660.8
819.2
516.8
328.0
435.2
492.8
160.0
1177.6
636.8
681.6
640.0
473.6
193.6
665.6
412.8
340.8
512.0
760.0
235.2
307.2
636.8
672.0
665.6
625.6
480.0
332.8
502.4
648.0
640.0
256.0
385.6
614.4
648.0
640.0
640.0
659.2
481.6
307.2
1116.8
649.6
614.4
793.6
657.6
486.4
628.8
670.4
307.2
459.2
512.0
256.0
492.8
681.6
640.0
668.8
344.0
844.8
262.3
300.8
204.8
696.0
318.4
332.8
568.0
321.6
281.6
390.4
414.4
435.2
1145.6
332.8
256.0
403.2
601.5
563.2
675.2
617.6
460.8
291.2
249.6
332.8
1147.2
201.6
665.6
344.0
336.0
588.8
417.6
792.0
512.0
347.2
299.1
358.4
212.8
785.6
230.4
220.8
260.8
563.2
627.2
328.0
179.2
528.0
532.8
691.2
334.4
363.2
563.2
379.2
958.4
204.8
648.0
641.6
486.4
323.2
523.2
332.8
268.8
702.4
332.8
974.4
366.4
256.0
644.8
715.1
640.0
608.0
614.3
1126.4
585.6
286.4
307.2
451.2
276.8
179.2
492.8
803.2
358.4
275.2
1632.0
204.8
571.2
780.8
435.2
395.2
740.8
256.0
390.4
1198.4
2227.2
2520.0
590.4
2662.3999
5040.0
921.6
640.0
276.8
1592.0
435.2
592.0
600.0
460.8
260.8
451.2
512.0
380.8
540.8
1484.8
395.2
1379.2
665.6
1008.0
510.4
256.0
364.8
556.8
716.8
582.4
604.8
384.0
814.4
444.8
614.4
2304.0
1038.4
281.6
3350.3999
1180.8
204.8
329.6
305.6
384.0
539.2
763.2
435.2
716.8
259.2
844.8
656.0
526.4
281.6
468.8
659.2
588.8
598.4
625.6
588.8
592.0
350.4
230.4
240.0
249.6
716.8
204.8
406.4
409.6
596.8
771.2
460.8
448.0
310.4
460.8
625.6
726.4
486.4
419.1
760.0
614.4
1222.4
595.2
537.6
630.4
644.8
307.2
504.0
617.6
204.8
259.2
612.7
640.0
340.8
264.0
768.0
435.2
641.6
614.4
256.0
531.2
460.8
608.0
604.8
640.0
617.6
601.6
307.2
235.2
1352.0
691.2
2417.6001
1755.2
409.6
689.5
646.4
5913.6001
2289.6001
1360.0
4556.7998
680.0
414.4
307.2
1369.6
956.8
1254.4
1137.6
601.6
1715.2
1804.8
710.4
716.8
264.0
403.2
588.8
467.1
300.8
332.8
404.8
454.4
716.8
299.2
499.2
435.2
1036.8
323.2
512.0
756.8
547.2
230.4
430.4
969.6
409.6
424.0
417.6
512.0
320.0
456.0
563.2
774.3
286.4
691.2
395.2
340.8
384.0
464.0
596.8
256.0
361.6
465.6
435.2
480.0
227.2
409.6
180.8
232.0
358.4
859.2
428.8
332.8
414.4
308.8
870.4
462.4
366.4
384.0
259.2
214.4
358.4
590.4
366.4
256.0
212.8
256.0
256.0
236.8
420.8
588.8
646.3
283.2
486.4
752.0
248.0
230.4
408.0
787.2
588.8
734.4
486.4
1792.0
484.8
902.4
153.6
257.6
377.6
588.8
846.4
364.8
153.6
323.2
257.6
614.4
406.4
798.4
563.2
624.0
632.0
614.4
640.0
641.6
1254.4
619.2
566.4
460.8
582.4
1236.8
256.0
612.8
513.6
742.4
457.6
552.0
793.6
545.6
910.4
281.6
264.0
528.0
256.0
324.8
243.2
307.2
451.2
785.5
358.4
476.8
644.8
947.2
219.2
284.8
588.8
660.8
574.4
204.8
520.0
268.8
307.2
356.8
395.2
204.8
510.4
144.0
384.0
590.4
249.6
588.8
622.4
651.2
460.8
547.2
241.6
588.8
576.0
179.2
384.0
296.0
419.2
614.4
500.8
299.2
486.4
476.8
257.6
614.4
438.4
217.5
563.2
478.3
363.2
435.2
478.4
628.8
409.6
499.2
955.2
384.0
624.0
240.0
614.4
334.4
366.4
1280.0
404.8
452.8
870.4
1464.0
697.6
409.6
830.4
592.0
588.8
737.6
457.6
537.6
414.4
320.0
819.2
243.2
828.8
358.4
670.4
710.4
332.8
292.8
344.0
332.8
620.8
683.2
614.4
660.8
448.0
1459.2
275.2
465.6
435.2
422.4
830.4
588.8
779.2
603.2
3609.6001
2105.6001
416.0
4889.6001
1628.8
1923.2
1100.8
961.6
798.4
947.2
256.0
400.0
512.0
1185.6
523.2
1868.8
552.0
672.0
665.6
555.2
238.4
256.0
465.6
441.6
153.6
345.6
459.2
256.0
1065.6
788.8
307.2
600.0
222.3
358.4
998.4
278.4
281.6
846.4
627.2
435.2
1137.6
844.8
896.0
508.7
3119.8999
1305.6
1852.8
241.6
588.8
606.4
500.8
153.6
854.4
371.2
307.2
488.0
371.2
435.2
1028.8
1331.2
512.0
691.2
3859.2
204.8
950.4
851.2
665.6
1036.8
310.4
1484.8
1672.0
400.0
384.0
584.0
323.2
384.0
264.0
257.6
614.4
486.4
649.6
358.4
272.0
769.6
230.4
1281.6
248.0
998.4
456.0
203.2
384.0
489.6
355.2
665.6
1033.6
249.6
204.8
256.0
532.8
435.2
412.8
1366.3
742.4
376.0
633.6
588.8
484.8
385.6
358.4
1015.9
377.6
460.8
648.0
912.0
384.0
358.4
273.6
1254.4
907.2
596.8
256.0
536.0
276.8
307.2
446.4
211.2
409.6
238.4
404.8
179.2
436.8
619.2
179.2
196.8
1905.6
460.8
230.4
262.3
281.6
632.0
620.8
409.6
720.0
204.8
384.0
195.2
1046.4
537.6
624.0
251.2
1331.2
2067.2
480.0
332.8
305.6
262.4
537.6
246.4
265.6
230.4
622.4
401.6
230.4
400.0
260.8
691.2
476.8
785.6
230.4
881.6
336.0
844.8
776.0
660.8
1459.2
585.6
430.4
691.2
564.8
363.2
435.2
192.0
203.2
384.0
552.0
169.6
1024.0
524.8
326.4
204.8
209.6
1481.6
1433.6
353.6
708.8
1254.4
516.8
585.6
921.6
480.0
464.0
460.8
513.6
505.6
204.8
956.8
636.8
1817.6
240.0
364.8
409.6
771.2
347.2
409.6
318.4
206.4
230.4
467.1
300.8
460.8
708.7
364.7
281.6
1329.6
532.8
307.2
1268.8
422.3
563.2
281.6
398.4
537.6
395.2
995.2
281.6
347.2
422.4
947.2
1932.8
452.8
1126.4
198.4
340.8
384.0
600.0
480.0
588.8
630.4
659.2
588.8
526.4
163.2
358.4
489.6
472.0
844.8
393.6
1532.8
537.6
758.4
528.0
512.0
318.4
216.0
460.8
580.8
254.4
512.0
662.4
153.6
256.0
241.6
476.8
768.0
752.0
230.4
256.0
276.8
307.2
640.0
1267.2
321.6
281.6
1534.4
531.2
588.8
415.9
300.8
460.8
352.0
476.8
640.0
484.8
777.6
614.4
508.8
163.2
358.4
404.8
449.6
793.6
884.8
281.6
640.0
659.2
596.8
512.0
281.6
259.2
588.8
332.8
641.6
614.4
369.6
865.6
563.2
406.4
812.8
2252.8
614.4
1284.8
307.2
1380.7
644.8
179.2
771.2
593.6
307.2
793.6
385.6
230.4
449.6
539.2
614.4
340.8
257.6
230.4
1057.6
1416.0
1152.0
638.4
769.6
230.4
275.2
868.8
512.0
628.8
668.8
332.8
2062.3999
675.2
230.4
1144.0
246.4
640.0
388.8
321.6
281.6
302.4
198.4
1228.8
368.0
500.8
281.6
475.2
1451.2
230.4
364.8
681.6
640.0
593.6
179.2
256.0
896.0
640.0
640.0
646.4
670.4
307.2
324.8
755.2
1715.2
926.4
841.6
281.6
449.6
155.2
1254.4
476.8
657.6
614.4
576.0
182.4
460.8
844.8
401.6
230.4
344.0
609.6
1331.2
411.2
614.4
640.0
761.6
473.5
563.2
400.0
408.0
256.0
4523.2002
742.4
1280.0
822.4
864.0
460.8
300.8
468.8
256.0
740.8
780.8
1203.2
360.0
499.2
307.2
595.2
432.0
1561.6
801.6
404.8
435.2
280.0
523.2
716.8
332.8
654.4
537.6
612.8
267.2
332.8
516.8
441.5
281.6
470.4
617.6
588.8
593.6
318.4
1612.8
387.2
846.4
614.4
641.6
360.0
230.4
668.8
352.0
332.8
419.2
624.0
358.4
252.8
1180.8
588.8
854.4
367.9
742.4
408.0
259.2
1228.8
1779.2
320.0
4147.2002
3867.2
3048.0
742.4
348.8
1294.4
4377.6001
1571.2
3580.8
537.6
518.4
1817.6
1664.0
612.8
2324.8
179.2
422.4
1731.2
384.0
464.0
483.2
281.6
611.2
433.6
384.0
428.8
483.2
1689.6
561.6
262.4
793.6
1102.3
1406.4
256.0
2841.6001
260.8
435.2
241.6
1104.0
204.8
318.4
344.0
716.8
289.6
385.6
358.4
273.5
372.8
793.6
513.6
233.6
972.8
280.0
278.4
153.6
1556.8
585.6
537.6
1100.8
280.0
1920.0
486.4
912.0
256.0
459.2
278.4
1945.6
534.4
801.6
640.0
923.2
379.2
1203.2
172.8
227.2
665.6
211.1
289.6
512.0
460.8
401.6
614.4
883.2
948.8
742.4
395.2
868.8
384.0
260.8
457.6
793.6
1931.2
996.7
640.0
488.0
1256.0
230.4
601.6
440.0
1459.2
640.0
784.0
256.0
257.6
614.4
256.0
508.8
297.6
768.0
476.8
403.2
460.8
683.2
249.6
332.8
299.2
638.4
1024.0
156.8
476.8
256.0
654.4
1177.6
768.0
568.0
316.8
486.4
376.0
240.0
358.4
363.2
324.8
1126.4
521.6
377.6
844.8
1094.4
2001.6
563.2
1150.4
132.8
691.2
1148.8
292.8
460.8
224.0
464.0
204.8
1064.0
1315.2
230.4
2528.0
2400.0
2508.8
3659.2
1280.0
3840.0
652.8
1854.4
332.8
1244.8
649.6
998.4
361.6
606.4
742.4
1806.4
1180.8
3148.8
2065.6001
2809.6001
1356.8
2593.6001
1924.8
307.2
268.8
185.6
537.6
256.0
532.8
307.2
524.8
456.0
179.2
974.4
377.6
332.8
369.6
1507.2
409.6
256.0
516.8
179.2
1652.8
409.6
256.0
329.6
673.6
1152.0
208.0
339.2
537.6
331.2
275.2
588.8
468.8
257.6
486.4
396.8
310.4
460.8
667.2
508.8
281.6
212.8
772.8
307.2
729.6
1208.0
1075.2
627.1
587.2
384.0
308.8
505.6
588.8
276.8
331.2
1408.0
596.8
769.6
486.4
1748.8
273.6
870.4
1284.8
441.6
665.6
2931.2
1096.0
947.2
811.2
632.0
870.4
315.2
398.4
1689.6
1217.6
1187.1
742.4
600.0
614.3
1126.4
3979.2
592.0
1356.8
873.6
337.6
435.2
406.4
292.8
332.8
1324.8
1120.0
332.8
323.2
400.0
384.0
281.6
900.8
435.2
524.8
691.2
512.0
324.8
254.4
384.0
777.6
1139.2
819.2
318.4
337.6
435.2
316.8
252.8
281.6
1083.2
534.4
409.6
531.2
209.6
563.2
592.0
612.8
384.0
302.4
318.4
332.8
728.0
332.8
256.0
331.2
780.8
179.2
630.4
1283.2
460.8
555.2
628.8
1049.6
225.6
820.8
230.4
1160.0
388.8
179.2
1147.2
3136.0
435.2
1395.2
435.2
1536.0
955.2
1803.2
844.8
5080.0
592.0
332.8
1123.2
163.2
358.4
1579.2
243.2
947.2
451.2
1028.8
563.2
465.6
331.2
256.0
454.4
992.0
204.8
368.0
252.8
409.6
240.0
1019.2
1203.2
307.2
779.2
204.8
758.4
262.4
793.6
595.2
422.3
563.2
830.4
464.0
332.8
699.2
268.7
563.2
1011.1
572.8
358.4
537.6
528.0
3200.0
952.0
952.0
1587.2
851.2
561.6
128.0
563.2
384.0
1280.0
587.2
1814.4
665.6
2748.8
1782.4
256.0
483.2
281.6
768.0
833.6
297.6
256.0
340.8
396.8
179.2
846.4
368.0
230.4
267.2
604.8
640.0
206.4
244.8
281.6
219.2
300.8
204.8
350.4
636.8
409.6
379.2
579.2
256.0
323.2
387.2
588.8
568.0
188.8
614.4
414.4
832.0
307.2
252.8
1055.9
281.6
737.6
564.8
230.4
408.0
272.0
256.0
401.6
249.6
332.8
326.4
740.8
256.0
456.0
443.2
512.0
244.8
289.6
256.0
608.0
340.8
256.0
664.0
528.0
256.0
342.4
499.2
307.2
348.8
265.6
358.4
286.4
312.0
307.2
659.2
467.1
281.6
435.2
654.4
409.6
254.4
385.6
358.4
328.0
308.8
486.4
1331.2
651.2
460.8
321.6
305.6
256.0
241.6
212.8
640.0
403.2
212.8
640.0
377.6
217.5
563.2
411.2
249.6
332.8
352.0
478.4
1126.4
452.8
241.6
972.8
580.8
633.6
588.8
352.0
227.2
409.6
326.4
481.6
435.2
283.2
2935.8999
358.4
484.8
516.8
1075.2
787.2
206.4
742.4
552.0
1710.4
1331.2
2379.2
896.0
1408.0
593.5
2355.2
384.0
804.8
604.8
896.0
300.8
1627.2
1049.6
510.4
907.2
1612.8
1043.2
2132.8
1664.0
1177.6
272.0
768.0
1288.0
779.2
844.8
348.8
272.0
1408.0
1201.6
1688.0
384.0
169.6
1680.0
1536.0
676.8
737.6
691.2
430.4
438.4
332.8
1201.6
776.0
512.0
796.8
347.2
665.6
478.4
238.4
256.0
1361.6
577.6
3097.6001
1073.6
1040.0
384.0
222.4
248.0
614.4
366.4
264.0
256.0
1145.6
480.0
460.8
638.4
526.4
665.6
702.4
462.4
230.4
241.6
728.0
204.8
204.8
406.4
281.6
584.0
838.4
972.8
801.6
256.0
384.0
1068.8
353.6
691.2
1052.8
731.2
281.6
643.2
483.2
537.6
300.8
478.4
614.4
374.4
272.0
384.0
313.6
412.8
460.8
408.0
902.4
537.6
1118.4
745.6
332.8
206.4
377.6
1228.8
235.2
312.0
563.2
836.8
638.4
384.0
304.0
169.6
384.0
206.4
502.4
384.0
1179.2
2291.2
435.2
259.2
1376.0
332.8
334.4
1011.2
1459.2
416.0
168.0
409.6
339.2
558.4
1587.2
1001.6
728.0
588.8
665.5
1140.8
537.6
320.0
966.4
204.8
232.0
379.2
691.2
451.2
401.6
230.4
243.1
579.2
512.0
513.6
243.2
307.2
297.6
528.0
640.0
683.2
499.2
819.2
651.2
344.0
1228.8
1545.6
236.8
409.6
721.6
950.4
1100.8
894.3
641.6
358.4
464.0
601.6
307.2
297.6
532.8
1331.2
260.8
574.4
1228.8
204.8
390.3
281.6
238.4
1683.2
204.8
387.2
2278.3
1126.4
3185.6001
720.0
332.8
