864.0
852.8
768.0
784.0
771.2
844.8
798.4
836.8
1766.4
836.8
876.8
921.6
865.6
2740.8
870.4
888.0
880.0
870.4
828.8
876.8
793.6
819.2
790.4
793.6
764.8
798.4
947.2
948.8
1001.6
972.8
953.6
942.4
3251.2
854.4
875.2
819.2
798.4
1737.6
793.6
768.0
782.4
793.6
865.6
819.2
768.0
785.6
758.4
768.0
801.6
784.0
768.0
702.4
716.8
768.0
787.2
729.6
819.2
803.2
886.4
896.0
1680.0
910.4
921.6
985.6
1984.0
947.2
916.8
966.4
1868.8
3222.3999
3737.6001
1024.0
2014.4
1014.4
896.0
947.2
1032.0
896.0
848.0
985.6
1075.2
972.8
1024.0
2176.0
1008.0
998.4
2048.0
984.0
980.8
896.0
931.2
1012.8
921.6
982.4
1020.8
921.6
958.4
976.0
972.8
912.0
907.2
972.8
966.4
977.6
947.2
875.2
824.0
819.2
862.4
1787.2
819.2
836.8
876.8
921.6
878.4
902.4
921.6
913.6
894.4
896.0
897.6
894.4
896.0
961.6
926.4
947.2
947.2
908.8
947.2
958.4
992.0
972.8
932.8
974.4
998.4
950.4
977.6
947.2
870.4
905.6
870.4
790.4
800.0
793.6
905.6
891.2
819.2
894.4
908.8
819.2
852.8
902.4
921.6
902.4
944.0
921.6
892.8
944.0
921.6
940.8
852.8
896.0
939.2
886.4
896.0
923.2
894.4
896.0
958.4
979.2
921.6
928.0
923.2
870.4
920.0
897.6
870.4
822.4
854.4
870.4
923.2
886.4
896.0
924.8
857.6
819.2
881.6
859.2
793.6
816.0
812.8
716.8
763.2
835.2
768.0
827.2
910.4
921.6
704.0
694.4
716.8
809.6
779.2
844.8
1841.6
900.8
947.2
937.6
904.0
896.0
900.8
822.4
844.8
884.8
1577.6
768.0
825.6
795.2
742.4
790.4
798.4
1715.2
798.4
820.8
870.4
798.4
828.8
870.4
867.2
796.8
844.8
1828.8
856.0
844.8
918.4
944.0
921.6
940.8
856.0
844.8
795.2
763.2
691.2
712.0
708.8
742.4
824.0
819.2
1664.0
881.6
862.4
870.4
852.8
1552.0
768.0
836.8
886.4
896.0
862.4
883.2
819.2
878.4
896.0
896.0
796.8
856.0
844.8
860.8
772.8
1715.2
876.8
808.0
793.6
814.4
827.2
768.0
838.4
865.6
819.2
769.6
883.2
947.2
881.6
862.4
870.4
928.0
940.8
844.8
920.0
1816.0
896.0
920.0
897.6
870.4
1795.2
867.2
793.6
814.4
836.8
870.4
856.0
846.4
870.4
920.0
2584.0
768.0
776.0
777.5
742.4
744.0
751.9
742.4
788.8
824.0
819.2
750.4
782.4
793.6
851.2
1572.8
716.8
736.0
729.6
691.2
739.2
817.6
1792.0
867.2
795.2
870.4
899.2
860.8
896.0
950.4
987.2
921.6
916.8
968.0
947.2
923.2
872.0
870.4
792.0
769.6
870.4
772.8
841.6
793.6
880.0
1899.2
819.2
806.4
819.2
896.0
838.4
856.0
2636.8
