419.2
360.0
358.4
632.0
630.4
1152.0
1073.6
1289.6
486.4
779.2
600.0
844.8
1467.2
1665.6
230.4
513.6
364.7
281.6
1284.7
1224.0
179.2
281.6
264.0
256.0
240.0
360.0
230.4
313.6
161.6
512.0
244.8
302.4
435.2
302.4
1843.2
256.0
419.2
1780.8
1305.6
1292.8
715.2
512.0
664.0
1035.2
844.8
499.2
315.2
1152.0
385.6
382.4
896.0
300.8
476.8
640.0
355.2
683.2
1382.4
1401.6
1105.6
307.2
902.3
300.8
332.8
576.0
435.2
768.0
356.8
268.8
1203.2
958.4
609.6
819.2
956.8
2280.0
742.4
1705.6
918.4
281.6
392.0
515.2
204.8
603.2
1585.6
256.0
617.6
352.0
204.8
392.0
280.0
256.0
356.8
393.6
486.4
678.4
699.2
1280.0
2062.3999
560.0
1561.6
598.4
5758.3999
384.0
675.2
616.0
486.4
508.8
171.2
2662.3999
3620.8
609.6
947.2
3953.6001
606.4
2150.3999
600.0
611.2
5657.6001
592.0
3792.0
1228.8
4000.0
2332.8
460.8
592.0
472.0
204.8
303.9
3118.3999
1203.2
459.2
385.6
358.4
132.8
331.2
256.0
278.4
169.6
256.0
342.3
744.0
742.4
524.8
308.8
742.4
395.2
595.1
281.6
286.4
313.6
537.6
569.6
1056.0
537.6
838.4
1233.6
435.2
604.8
267.2
332.8
275.2
468.8
256.0
304.0
683.2
486.4
406.4
548.8
332.8
392.0
260.8
307.2
387.2
332.8
256.0
316.8
233.6
332.8
193.6
811.2
230.4
308.8
360.0
870.4
272.0
392.0
1280.0
344.0
216.0
332.8
214.4
241.6
332.8
272.0
390.4
793.6
510.4
259.2
460.8
636.8
177.6
384.0
513.6
230.4
640.0
827.2
257.6
358.4
385.6
243.2
179.2
641.6
377.6
204.8
556.8
206.4
230.4
340.8
526.4
409.6
257.6
494.4
256.0
374.4
398.4
409.6
395.2
601.5
563.2
588.8
385.6
230.4
475.2
281.6
1536.0
206.4
358.4
640.0
408.0
780.8
435.2
273.6
230.4
896.0
476.8
512.0
640.0
387.2
339.1
281.6
321.6
683.2
614.4
419.2
491.2
307.2
465.6
308.8
486.4
772.8
454.4
204.8
409.6
267.2
460.8
398.4
297.6
768.0
543.9
291.2
486.4
272.0
385.6
1254.4
561.6
257.6
230.4
238.4
534.4
281.6
347.2
558.4
435.2
275.2
475.2
665.6
270.4
419.2
230.4
1286.3
300.8
460.8
323.2
273.5
358.4
224.0
339.2
409.6
249.6
356.7
640.0
635.2
315.2
256.0
348.8
531.2
332.8
627.2
446.4
332.8
193.6
284.8
588.8
464.0
222.4
486.4
296.0
432.0
281.6
292.8
212.8
256.0
185.5
292.8
332.8
588.8
660.8
435.2
240.0
616.0
358.4
564.8
753.6
716.8
326.4
590.4
1254.4
744.0
1016.0
230.4
358.4
388.8
435.2
491.2
308.8
614.4
467.1
299.2
614.4
284.8
475.2
409.6
161.6
401.6
230.4
340.8
276.8
307.2
625.6
220.8
384.0
203.2
776.0
256.0
307.2
260.8
435.2
328.0
830.4
460.8
268.8
324.8
230.4
217.6
449.6
281.6
652.8
201.6
281.6
588.8
400.0
768.0
353.6
438.4
588.8
369.6
209.6
563.2
422.4
195.2
384.0
190.4
339.2
409.6
859.2
414.4
307.2
369.6
337.6
435.2
193.6
427.2
230.4
336.0
724.8
256.0
134.4
412.8
332.8
580.7
371.2
179.2
574.4
600.0
332.8
241.6
472.0
460.8
220.8
515.2
204.8
539.2
638.4
384.0
260.8
446.4
204.8
360.0
1015.9
358.4
179.2
387.2
332.8
196.7
366.4
384.0
297.6
392.0
384.0
240.0
377.6
332.8
401.6
232.0
742.4
321.6
411.2
358.4
204.8
531.2
460.8
281.6
393.6
486.4
270.4
287.9
281.6
270.4
432.0
281.6
400.0
390.4
409.6
312.0
694.4
204.8
324.8
233.6
716.8
457.6
1068.8
204.8
705.6
433.6
512.0
297.6
280.0
512.0
272.0
390.3
281.6
313.6
415.9
281.6
259.2
204.8
768.0
433.6
270.4
409.6
401.6
488.0
230.4
339.2
427.2
486.4
576.0
438.4
716.8
430.4
572.8
358.4
550.4
328.0
307.2
259.2
995.2
409.6
319.9
566.4
204.8
364.8
414.4
563.2
432.0
286.4
435.2
315.2
654.4
281.6
456.0
307.2
640.0
356.8
268.8
307.2
404.8
203.2
384.0
403.2
339.2
409.6
252.8
683.2
230.4
348.8
387.2
204.8
355.2
425.6
512.0
427.2
761.6
332.8
324.8
1019.2
563.2
251.2
313.6
537.6
377.6
348.8
256.0
356.8
521.6
358.4
465.6
316.8
230.4
736.0
336.0
332.8
584.0
198.4
332.8
379.2
443.2
256.0
867.2
425.6
640.0
497.6
344.0
460.8
217.6
307.2
256.0
833.6
798.4
307.2
182.4
852.8
1280.0
1097.6
297.6
256.0
1219.2
1432.0
1024.0
513.6
1784.0
230.4
2144.0
353.6
307.2
969.6
284.8
588.8
353.6
459.2
896.0
440.0
566.4
588.8
286.4
316.8
358.4
273.6
761.6
460.8
588.8
388.8
435.2
483.2
300.8
460.8
587.2
265.5
742.4
472.0
480.0
332.8
355.2
427.1
358.4
456.0
318.4
844.8
348.8
272.0
512.0
232.0
379.2
691.2
276.8
180.8
358.4
377.6
740.8
1024.0
464.0
1230.4
358.4
574.4
1124.8
1024.0
288.0
1329.6
768.0
497.6
2126.3999
358.4
452.7
366.4
256.0
420.8
211.2
793.6
318.4
475.2
281.6
360.0
232.0
358.4
492.7
288.0
537.6
361.6
854.4
358.4
393.6
638.4
384.0
404.8
457.6
1177.6
3219.2
1744.0
1868.8
792.0
1041.6
2150.3999
921.6
531.2
204.8
224.0
217.6
691.2
216.0
342.4
230.4
241.6
339.2
409.6
372.8
292.8
1100.8
1145.6
2772.8
1792.0
867.2
305.6
5888.0
3521.6001
5153.5
2816.0
2188.8
1718.4
588.8
1416.0
1558.4
1049.6
222.4
760.0
742.4
2048.0
1926.4
2329.6001
647.9
1046.4
281.6
1068.8
478.4
614.4
2116.8
632.0
1254.4
436.8
249.6
204.8
344.0
224.0
204.8
1129.6
604.8
1024.0
326.4
993.6
435.2
268.8
313.6
409.6
355.2
673.6
384.0
451.2
260.8
435.2
372.8
1708.8
2252.8
846.4
1150.3
640.0
462.4
766.4
256.0
308.8
233.6
204.8
644.8
443.2
896.0
236.8
673.6
768.0
1286.4
547.2
230.4
280.0
905.6
230.4
438.4
734.3
358.4
241.6
352.0
204.8
329.6
809.6
768.0
481.6
1459.2
896.0
203.2
1164.8
435.2
352.0
1236.8
640.0
734.4
1388.8
1433.6
921.6
1025.6
998.4
1598.4
603.2
665.6
420.8
606.4
2534.3999
5462.3999
1001.6
1868.8
609.6
1086.4
588.8
592.0
3544.0
588.8
550.4
4926.3999
588.8
380.8
816.0
409.6
2449.6001
1384.0
486.4
2934.3999
1169.6
614.4
601.6
2491.2
2176.0
593.6
2750.3999
204.8
318.4
598.4
4838.3999
5796.7998
856.0
588.8
1323.2
502.4
4608.0
1726.4
609.6
1075.2
606.4
872.0
5350.3999
600.0
604.8
512.0
2100.8
5227.2002
819.2
1505.6
1974.4
5708.7998
1044.8
3128.0
2867.2
590.4
881.6
588.8
5830.3999
228.8
2176.0
596.8
2440.0
3712.0
2833.6001
4214.3999
2176.0
1171.2
1380.8
5760.0
1848.0
3254.3999
1868.8
2676.8
4262.3999
435.2
2385.6001
575.9
563.2
3535.8999
2764.8
768.0
1323.2
4840.0
2022.4
2289.6001
606.4
3430.3999
3467.2
739.2
793.6
1056.0
428.8
1356.8
185.6
2585.6001
896.0
3924.8
3080.0
2176.0
276.8
3256.0
3379.2
1172.8
2752.0
1715.2
240.0
2800.0
1766.4
4126.3999
3400.0
947.2
2091.2
241.6
1100.8
5384.0
528.0
256.0
2945.6001
2027.2
2099.2
969.6
928.0
1305.6
2041.6
846.4
2790.3999
1009.6
598.4
998.4
574.4
340.8
3712.0
321.6
553.6
1536.0
267.2
598.4
1894.4
5689.6001
1707.2
230.4
1251.2
2713.6001
512.0
806.4
703.9
563.2
3300.8
2566.3
281.6
3193.6001
222.4
614.4
819.2
644.8
563.2
366.4
907.2
3020.8
1577.6
256.0
1408.0
528.0
2840.0
512.0
772.8
1598.4
716.8
675.2
2662.3999
768.0
678.4
438.4
204.8
1923.2
350.4
870.4
1774.4
1814.4
793.6
1118.4
489.6
716.8
651.2
225.6
691.2
515.2
340.8
640.0
449.6
936.0
665.6
1764.8
268.7
563.2
2137.6001
2622.3999
332.8
315.2
280.0
256.0
308.8
500.8
281.6
384.0
532.8
307.2
240.0
1516.8
1689.6
2833.6001
4214.3999
2176.0
1171.2
1380.8
5760.0
1848.0
3254.3999
1868.8
2676.8
4262.3999
435.2
2385.6001
575.9
563.2
3535.8999
2764.8
768.0
1323.2
4840.0
2022.4
2289.6001
606.4
3430.3999
3467.2
739.2
793.6
1056.0
428.8
1356.8
185.6
2585.6001
896.0
3924.8
3080.0
2176.0
276.8
3256.0
3379.2
1172.8
2752.0
1715.2
240.0
2800.0
1766.4
4126.3999
3400.0
947.2
2091.2
241.6
1100.8
5384.0
528.0
256.0
2945.6001
2027.2
2099.2
969.6
928.0
1305.6
2041.6
846.4
2790.3999
1009.6
598.4
998.4
574.4
340.8
3712.0
321.6
553.6
1536.0
267.2
598.4
1894.4
5689.6001
1707.2
230.4
1251.2
2713.6001
512.0
806.4
703.9
563.2
3300.8
2566.3
281.6
3193.6001
222.4
614.4
819.2
644.8
563.2
366.4
907.2
3020.8
1577.6
256.0
1408.0
528.0
2840.0
512.0
772.8
1598.4
716.8
675.2
2662.3999
768.0
678.4
438.4
204.8
1923.2
350.4
870.4
1774.4
1814.4
793.6
1118.4
489.6
716.8
651.2
225.6
691.2
515.2
340.8
640.0
449.6
936.0
665.6
1764.8
268.7
563.2
2137.6001
2622.3999
332.8
315.2
280.0
256.0
308.8
500.8
281.6
384.0
532.8
307.2
240.0
1516.8
1689.6
387.2
2131.2
921.6
364.8
163.2
486.4
310.4
332.8
2048.0
1035.2
609.6
307.2
766.4
523.2
844.8
286.4
825.5
281.6
358.4
403.2
716.8
236.8
684.8
1356.8
376.0
1011.2
947.2
384.0
395.2
716.8
657.6
241.6
460.8
459.2
273.5
358.4
131.2
214.4
230.4
584.0
307.2
256.0
361.6
204.8
640.0
2780.8
2311.8999
1024.0
249.6
593.6
563.2
659.2
2142.3999
486.4
467.2
556.8
332.8
164.8
595.1
281.6
305.6
1030.4
665.6
1352.0
203.2
384.0
225.6
449.6
281.6
334.4
251.2
307.2
209.6
196.8
742.4
468.8
257.6
230.4
300.8
984.0
460.8
208.0
475.2
537.6
380.8
552.0
537.6
569.5
284.8
972.8
574.4
206.4
230.4
305.6
134.3
281.6
585.6
420.8
716.8
657.5
360.0
230.4
420.8
852.8
768.0
460.8
276.8
563.2
345.6
198.4
332.8
592.0
601.6
1587.2
385.6
502.4
768.0
580.8
632.0
486.4
2185.6001
374.4
256.0
264.0
1302.4
793.6
1622.4
239.9
742.4
312.0
179.2
256.0
251.2
203.2
256.0
251.2
310.4
332.8
364.8
558.4
307.2
745.6
355.2
153.6
393.6
369.6
332.8
379.2
326.4
1612.8
358.4
385.6
486.4
204.8
784.0
1408.0
563.2
278.4
665.6
440.0
452.8
998.4
622.4
273.6
230.4
353.6
328.0
1331.2
1716.8
766.4
1664.0
2360.0
579.2
1792.0
376.0
1640.0
1126.4
340.8
280.0
256.0
2961.6001
759.9
358.4
520.0
512.0
256.0
387.2
2131.2
921.6
364.8
163.2
486.4
310.4
332.8
2048.0
1035.2
609.6
307.2
766.4
523.2
844.8
286.4
825.5
281.6
358.4
403.2
716.8
236.8
684.8
1356.8
376.0
1011.2
947.2
384.0
395.2
716.8
657.6
241.6
460.8
459.2
273.5
358.4
131.2
214.4
230.4
584.0
307.2
256.0
361.6
204.8
640.0
2780.8
2311.8999
1024.0
249.6
593.6
563.2
659.2
2142.3999
486.4
467.2
556.8
332.8
164.8
595.1
281.6
305.6
1030.4
665.6
1352.0
203.2
384.0
225.6
449.6
281.6
334.4
251.2
307.2
209.6
196.8
742.4
468.8
257.6
230.4
300.8
984.0
460.8
208.0
475.2
537.6
380.8
552.0
537.6
569.5
284.8
972.8
574.4
206.4
230.4
305.6
134.3
281.6
585.6
420.8
716.8
657.5
360.0
230.4
420.8
852.8
768.0
460.8
276.8
563.2
345.6
198.4
332.8
592.0
601.6
1587.2
385.6
502.4
768.0
580.8
632.0
486.4
2185.6001
374.4
256.0
264.0
1302.4
793.6
1622.4
239.9
742.4
312.0
179.2
256.0
251.2
203.2
256.0
251.2
310.4
332.8
364.8
558.4
307.2
745.6
355.2
153.6
393.6
369.6
332.8
379.2
326.4
1612.8
358.4
385.6
486.4
204.8
784.0
1408.0
563.2
278.4
665.6
440.0
452.8
998.4
622.4
273.6
230.4
353.6
328.0
1331.2
1716.8
766.4
1664.0
2360.0
579.2
1792.0
376.0
1640.0
1126.4
340.8
280.0
256.0
2961.6001
759.9
358.4
520.0
512.0
256.0
980.8
788.8
819.2
955.2
1422.4
409.6
265.6
377.6
460.8
217.6
312.0
307.2
2441.6001
374.4
512.0
537.6
521.6
1638.4
436.8
2664.0
614.4
1352.0
832.0
179.2
392.0
512.0
1024.0
460.8
531.2
204.8
447.9
582.4
204.8
620.8
539.2
742.4
1780.8
544.0
537.6
323.2
651.2
460.8
491.2
187.2
256.0
950.4
473.6
307.2
339.2
1060.8
588.8
611.2
1200.0
793.6
566.4
972.8
256.0
380.7
1324.8
460.8
865.6
576.0
179.2
371.2
308.8
358.4
376.0
251.2
307.2
635.2
321.6
409.6
324.7
360.0
870.4
523.2
993.6
1459.2
729.5
564.8
486.4
251.2
187.2
384.0
600.0
603.2
409.6
971.2
398.4
921.6
375.9
382.4
256.0
664.0
265.6
486.4
524.8
187.2
256.0
363.2
454.4
460.8
185.6
670.4
435.2
611.2
547.2
1254.4
459.2
260.8
563.2
332.8
265.6
230.4
308.8
761.6
460.8
1681.5
372.8
1049.6
753.6
600.0
332.8
556.8
592.0
588.8
1388.8
558.4
435.2
555.2
627.1
563.2
497.6
211.2
409.6
1008.0
361.6
332.8
1304.0
768.0
384.0
372.8
793.6
256.0
497.6
1249.6
307.2
236.7
292.8
588.8
536.0
520.0
512.0
560.0
683.1
358.4
612.8
403.2
204.8
326.4
348.8
384.0
209.6
315.2
512.0
526.4
537.6
384.0
766.4
536.0
256.0
790.4
1059.2
358.4
540.8
460.8
256.0
582.4
353.6
179.2
1096.0
307.2
256.0
560.0
297.6
256.0
352.0
227.2
537.6
571.2
270.4
281.6
867.2
684.8
844.8
980.8
788.8
819.2
955.2
1422.4
409.6
265.6
377.6
460.8
217.6
312.0
307.2
2441.6001
374.4
512.0
537.6
521.6
1638.4
436.8
2664.0
614.4
1352.0
832.0
179.2
392.0
512.0
1024.0
460.8
531.2
204.8
447.9
582.4
204.8
620.8
539.2
742.4
1780.8
544.0
537.6
323.2
651.2
460.8
491.2
187.2
256.0
950.4
473.6
307.2
339.2
1060.8
588.8
611.2
1200.0
793.6
566.4
972.8
256.0
380.7
1324.8
460.8
865.6
576.0
179.2
371.2
308.8
358.4
376.0
251.2
307.2
635.2
321.6
409.6
324.7
360.0
870.4
523.2
993.6
1459.2
729.5
564.8
486.4
251.2
187.2
384.0
600.0
603.2
409.6
971.2
398.4
921.6
375.9
382.4
256.0
664.0
265.6
486.4
524.8
187.2
256.0
363.2
454.4
460.8
185.6
670.4
435.2
611.2
547.2
1254.4
459.2
260.8
563.2
332.8
265.6
230.4
308.8
761.6
460.8
1681.5
372.8
1049.6
753.6
600.0
332.8
556.8
592.0
588.8
1388.8
558.4
435.2
555.2
627.1
563.2
497.6
211.2
409.6
1008.0
361.6
332.8
1304.0
768.0
384.0
372.8
793.6
256.0
497.6
1249.6
307.2
236.7
292.8
588.8
536.0
520.0
512.0
560.0
683.1
358.4
612.8
403.2
204.8
326.4
348.8
384.0
209.6
315.2
512.0
526.4
537.6
384.0
766.4
536.0
256.0
790.4
1059.2
358.4
540.8
460.8
256.0
582.4
353.6
179.2
1096.0
307.2
256.0
560.0
297.6
256.0
352.0
227.2
537.6
571.2
270.4
281.6
867.2
684.8
844.8
553.6
1036.8
307.2
281.6
256.0
1280.0
1027.2
340.8
384.0
287.9
300.8
204.8
320.0
836.8
230.4
464.0
355.2
281.6
492.8
558.4
3251.2
579.2
259.2
588.8
355.2
800.0
409.6
1118.4
1516.7
281.6
222.3
382.4
256.0
241.6
228.8
384.0
508.8
305.6
512.0
660.8
312.0
307.2
763.2
312.0
563.2
427.2
2291.2
307.2
313.6
683.2
486.4
241.6
859.2
665.6
424.0
543.9
281.6
404.8
328.0
179.2
332.8
257.6
230.4
377.6
214.4
486.4
299.2
639.9
1126.4
792.0
265.6
486.4
521.6
241.6
716.8
366.4
256.0
512.0
240.0
235.2
435.2
520.0
1174.4
1177.6
798.4
312.0
563.2
214.3
758.4
1024.0
1091.2
657.6
486.4
883.2
454.4
460.8
232.0
363.2
307.2
393.6
369.6
460.8
273.6
494.4
512.0
403.2
982.4
614.4
358.4
768.0
256.0
284.8
355.2
281.6
369.6
868.7
1536.0
179.2
512.0
384.0
1049.6
513.6
486.4
548.8
340.8
256.0
1280.0
384.0
512.0
332.8
912.0
384.0
1148.8
675.1
742.4
214.4
369.6
332.8
363.2
190.4
204.8
462.4
1262.4
768.0
377.6
2014.4
742.4
897.6
1147.2
307.2
1092.7
369.6
204.8
812.8
1880.0
972.8
555.1
358.4
384.0
427.2
236.8
409.6
1000.0
364.8
1049.6
204.8
641.6
1510.4
539.2
486.4
512.0
231.9
1400.0
230.4
224.0
846.4
1510.4
803.2
1403.2
947.2
824.0
324.7
358.4
451.2
662.4
409.6
675.1
748.7
281.6
545.6
268.8
1587.2
625.6
227.1
1305.6
363.2
969.6
2329.6001
502.4
531.2
972.8
497.6
592.0
332.8
270.4
299.2
486.4
742.4
1812.8
179.2
535.9
660.8
435.2
364.8
1190.4
307.2
692.8
366.4
256.0
283.2
254.4
256.0
481.6
198.4
332.8
267.2
214.4
614.4
918.4
409.6
1024.0
286.4
320.0
179.2
620.8
411.2
1510.4
273.6
1387.2
435.2
187.2
259.2
204.8
1507.2
1062.4
307.2
574.4
473.6
435.2
214.4
367.9
742.4
184.0
320.0
435.2
539.2
489.6
716.8
636.8
289.6
512.0
329.6
2462.3
1203.2
1038.4
291.2
358.4
492.8
1566.4
307.2
384.0
278.4
409.6
724.8
401.6
870.4
289.6
520.0
640.0
489.6
340.8
384.0
310.4
718.4
358.4
660.8
321.6
409.6
204.8
259.2
588.8
324.8
246.4
256.0
230.4
515.2
1100.8
240.0
358.4
384.0
630.4
643.2
332.8
379.2
963.2
1792.0
550.4
1723.2
256.0
462.4
508.8
409.6
750.4
272.0
256.0
678.4
308.8
358.4
688.0
161.6
256.0
822.4
728.0
844.8
772.8
315.2
256.0
273.6
763.2
179.2
436.8
380.8
153.6
1294.4
931.2
3174.3999
320.0
441.6
921.6
848.0
353.6
691.2
500.8
675.2
358.4
393.6
243.2
307.2
446.4
345.6
179.2
492.7
305.6
256.0
849.6
696.0
307.2
393.5
744.0
230.4
425.6
513.6
358.4
475.2
283.2
358.4
374.4
769.6
230.4
462.4
235.2
307.2
1712.0
171.1
358.4
342.4
371.2
947.2
342.4
870.4
512.0
180.8
372.8
665.6
478.3
380.8
793.6
1209.6
560.0
537.6
363.2
969.6
2329.6001
502.4
531.2
972.8
497.6
592.0
332.8
270.4
299.2
486.4
742.4
1812.8
179.2
535.9
660.8
435.2
364.8
1190.4
307.2
692.8
366.4
256.0
283.2
254.4
256.0
481.6
198.4
332.8
267.2
214.4
614.4
918.4
409.6
1024.0
286.4
320.0
179.2
620.8
411.2
1510.4
273.6
1387.2
435.2
187.2
259.2
204.8
1507.2
1062.4
307.2
574.4
473.6
435.2
214.4
367.9
742.4
184.0
320.0
435.2
539.2
489.6
716.8
636.8
289.6
512.0
329.6
2462.3
1203.2
1038.4
291.2
358.4
492.8
1566.4
307.2
384.0
278.4
409.6
724.8
401.6
870.4
289.6
520.0
640.0
489.6
340.8
384.0
310.4
718.4
358.4
660.8
321.6
409.6
204.8
259.2
588.8
324.8
246.4
256.0
230.4
515.2
1100.8
240.0
358.4
384.0
630.4
643.2
332.8
379.2
963.2
1792.0
550.4
1723.2
256.0
462.4
508.8
409.6
750.4
272.0
256.0
678.4
308.8
358.4
688.0
161.6
256.0
822.4
728.0
844.8
772.8
315.2
256.0
273.6
763.2
179.2
436.8
380.8
153.6
1294.4
931.2
3174.3999
320.0
441.6
921.6
848.0
353.6
691.2
500.8
675.2
358.4
393.6
243.2
307.2
446.4
345.6
179.2
492.7
305.6
256.0
849.6
696.0
307.2
393.5
744.0
230.4
425.6
513.6
358.4
475.2
283.2
358.4
374.4
769.6
230.4
462.4
235.2
307.2
1712.0
171.1
358.4
342.4
371.2
947.2
342.4
870.4
512.0
180.8
372.8
665.6
478.3
380.8
793.6
1209.6
560.0
537.6
384.0
659.2
844.8
412.8
214.4
486.4
1556.8
312.0
563.2
774.4
427.1
358.4
694.4
350.3
358.4
2304.0
280.0
256.0
292.8
204.8
1024.0
572.8
243.2
307.2
356.8
384.0
512.0
1132.7
286.4
563.2
476.8
1161.6
3430.3999
598.4
614.4
256.0
638.4
387.2
460.8
283.2
252.8
1049.6
1913.6
337.6
691.2
348.8
275.2
204.8
363.2
819.2
384.0
462.4
488.0
998.4
838.4
353.6
691.2
897.6
496.0
230.4
308.8
766.4
384.0
299.2
878.4
384.0
284.8
846.4
358.4
345.6
201.6
665.6
350.3
372.8
409.6
513.6
361.6
204.8
144.0
1936.0
1024.0
524.8
331.2
512.0
475.2
689.6
384.0
657.6
488.0
486.4
406.4
1052.8
1228.8
195.2
780.8
1075.2
571.2
390.4
537.6
542.4
830.4
332.8
220.8
265.6
230.4
473.6
702.4
332.8
257.6
379.2
307.2
230.4
262.3
281.6
350.4
3443.2
435.2
336.0
353.6
179.2
641.6
361.6
716.8
321.6
558.4
947.2
318.4
227.2
281.6
694.4
352.0
204.8
345.6
438.4
332.8
355.2
1689.6
640.0
689.5
643.2
204.8
571.2
398.4
537.6
286.4
196.8
486.4
544.0
156.8
332.8
553.6
664.0
384.0
238.4
281.5
1126.4
969.6
1057.6
384.0
531.2
465.6
307.2
363.2
308.8
486.4
656.0
395.2
1484.8
491.2
180.8
486.4
380.8
286.3
1203.2
470.4
628.8
665.6
464.0
225.6
435.2
651.2
352.0
460.8
624.0
368.0
1766.4
356.8
529.6
486.4
384.0
659.2
844.8
412.8
214.4
486.4
1556.8
312.0
563.2
774.4
427.1
358.4
694.4
350.3
358.4
2304.0
280.0
256.0
292.8
204.8
1024.0
572.8
243.2
307.2
356.8
384.0
512.0
1132.7
286.4
563.2
476.8
1161.6
3430.3999
598.4
614.4
256.0
638.4
387.2
460.8
283.2
252.8
1049.6
1913.6
337.6
691.2
348.8
275.2
204.8
363.2
819.2
384.0
462.4
488.0
998.4
838.4
353.6
691.2
897.6
496.0
230.4
308.8
766.4
384.0
299.2
878.4
384.0
284.8
846.4
358.4
345.6
201.6
665.6
350.3
372.8
409.6
513.6
361.6
204.8
144.0
1936.0
1024.0
524.8
331.2
512.0
475.2
689.6
384.0
657.6
488.0
486.4
406.4
1052.8
1228.8
195.2
780.8
1075.2
571.2
390.4
537.6
542.4
830.4
332.8
220.8
265.6
230.4
473.6
702.4
332.8
257.6
379.2
307.2
230.4
262.3
281.6
350.4
3443.2
435.2
336.0
353.6
179.2
641.6
361.6
716.8
321.6
558.4
947.2
318.4
227.2
281.6
694.4
352.0
204.8
345.6
438.4
332.8
355.2
1689.6
640.0
689.5
643.2
204.8
571.2
398.4
537.6
286.4
196.8
486.4
544.0
156.8
332.8
553.6
664.0
384.0
238.4
281.5
1126.4
969.6
1057.6
384.0
531.2
465.6
307.2
363.2
308.8
486.4
656.0
395.2
1484.8
491.2
180.8
486.4
380.8
286.3
1203.2
470.4
628.8
665.6
464.0
225.6
435.2
651.2
352.0
460.8
624.0
368.0
1766.4
356.8
529.6
486.4
326.4
476.8
512.0
283.2
371.2
307.2
320.0
310.4
972.8
315.2
641.6
358.4
284.8
220.8
256.0
344.0
348.8
256.0
214.4
494.4
512.0
289.6
385.6
358.4
304.0
937.6
256.0
265.6
232.0
230.4
395.2
1504.0
5836.7998
2161.6001
334.4
1510.4
664.0
902.3
281.6
510.4
396.8
307.2
257.6
368.0
230.4
532.8
182.4
204.8
361.6
345.5
563.2
496.0
1404.8
153.6
624.0
633.6
332.8
398.4
667.2
358.4
470.4
230.4
256.0
1044.8
956.8
230.4
528.0
532.8
1587.2
518.4
428.8
972.8
896.0
529.6
1126.4
339.2
427.2
230.4
276.8
449.6
281.6
182.4
737.6
819.2
926.4
564.8
358.4
398.4
555.2
230.4
764.8
420.8
1228.8
316.8
504.0
614.4
1814.4
1689.6
256.0
747.2
572.8
998.4
654.4
937.6
640.0
585.6
808.0
1433.6
568.0
564.8
998.4
801.6
657.6
486.4
332.8
1297.6
486.4
371.1
563.2
1024.0
396.8
441.6
409.6
422.4
195.2
256.0
260.8
697.6
153.6
376.0
510.3
640.0
646.4
537.6
1024.0
446.4
204.8
384.0
315.1
2833.6001
614.4
468.8
531.2
332.8
1147.2
574.4
460.8
1531.2
704.0
435.2
553.6
521.6
230.4
243.2
320.0
307.2
632.0
230.4
512.0
291.2
248.0
614.4
828.7
761.6
204.8
612.8
513.6
230.4
1409.6
751.9
742.4
273.6
630.4
640.0
2160.0
363.2
307.2
187.2
524.8
307.2
361.6
483.2
281.6
345.6
326.4
588.8
499.2
712.0
307.2
505.6
342.4
358.4
352.0
740.8
256.0
571.2
528.0
512.0
508.8
286.4
435.2
336.0
720.0
332.8
624.0
248.0
230.4
1544.0
1152.0
384.0
523.2
462.4
486.4
273.6
254.3
640.0
652.8
308.8
998.4
496.0
510.3
640.0
708.7
358.4
512.0
296.0
673.6
1280.0
475.2
1451.2
486.4
216.0
734.4
230.4
638.4
395.2
844.8
451.2
529.6
614.4
292.8
336.0
332.8
734.4
248.0
230.4
222.3
369.6
460.8
328.0
451.2
256.0
257.6
232.0
1638.4
312.0
320.0
307.2
518.4
547.2
486.4
465.6
587.2
512.0
214.4
254.4
256.0
563.2
385.6
358.4
486.4
278.4
537.6
734.3
364.7
281.6
627.2
188.8
358.4
411.2
236.7
281.6
280.0
257.6
614.4
312.0
700.8
358.4
374.4
403.2
332.8
316.8
1017.6
332.8
164.8
347.2
153.6
264.0
654.4
281.6
336.0
1363.2
665.6
284.8
350.4
614.4
516.8
329.6
153.6
617.6
334.4
486.4
556.8
470.4
230.4
784.0
515.2
460.8
265.6
233.6
332.8
342.4
876.8
153.6
384.0
268.8
435.2
403.2
464.0
332.8
336.0
350.4
486.4
585.6
291.2
358.4
292.8
732.8
384.0
865.6
697.6
537.6
260.8
819.2
256.0
230.4
1043.2
588.8
665.6
393.6
486.4
521.6
500.8
281.6
227.2
811.2
870.4
358.4
526.4
537.6
553.6
1043.2
204.8
283.2
622.4
512.0
444.8
510.4
1280.0
524.8
329.6
281.6
252.8
686.4
435.2
396.7
571.2
640.0
547.2
998.4
512.0
1192.0
801.6
384.0
556.8
336.0
332.8
296.0
287.9
281.6
505.6
720.0
332.8
243.1
582.4
332.8
163.2
374.4
512.0
580.8
1516.8
153.6
393.6
230.4
1024.0
691.2
276.8
307.2
536.0
526.4
281.6
579.2
1036.7
563.2
712.0
307.2
1024.0
280.0
270.4
409.6
251.2
308.8
998.4
1089.6
553.6
384.0
552.0
560.0
537.6
915.2
216.0
972.8
401.5
361.6
204.8
366.4
536.0
512.0
684.8
347.2
665.6
536.0
1152.0
768.0
611.2
808.0
1177.6
443.2
513.6
998.4
523.2
352.0
716.8
494.4
913.5
358.4
331.2
524.8
435.2
299.1
364.8
793.6
208.0
592.0
460.8
454.4
211.2
921.6
992.0
468.8
640.0
273.6
763.2
307.2
515.2
739.2
281.6
529.6
244.8
281.6
462.4
745.6
460.8
688.0
681.6
384.0
304.0
417.6
768.0
278.4
547.2
230.4
432.0
304.0
153.6
2828.8
436.8
1638.4
478.4
1516.8
1561.6
659.2
472.0
716.8
388.8
704.0
947.2
198.4
462.4
614.4
555.2
635.2
179.2
377.6
356.8
512.0
512.0
532.8
435.2
568.0
438.4
1228.8
278.4
539.2
358.4
145.6
491.2
563.2
228.8
278.4
665.6
172.8
214.4
486.4
476.8
512.0
256.0
214.4
369.6
460.8
196.7
374.4
640.0
188.8
366.4
512.0
648.0
652.8
435.2
392.0
387.2
460.8
342.4
379.2
819.2
974.4
243.2
307.2
334.4
368.0
358.4
654.4
433.6
384.0
539.2
243.2
307.2
448.0
830.4
332.8
492.8
1067.2
486.4
332.8
641.6
486.4
288.0
428.8
460.8
488.0
379.2
307.2
326.4
356.7
640.0
337.6
180.8
358.4
228.8
395.2
844.8
641.6
248.0
230.4
982.4
366.4
640.0
515.2
337.6
307.2
328.0
444.8
230.4
337.6
324.8
486.4
451.2
528.0
512.0
960.0
180.8
358.4
535.9
646.3
281.6
196.7
366.4
256.0
366.4
387.2
588.8
497.6
334.4
486.4
472.0
332.8
640.0
344.0
342.4
358.4
492.7
286.4
179.2
683.2
616.0
358.4
326.4
865.6
179.2
489.6
984.0
204.8
291.2
366.4
896.0
227.2
287.9
281.6
417.6
275.2
332.8
694.4
1761.6
435.2
374.4
644.8
691.2
520.0
268.8
179.2
475.2
688.0
281.6
820.8
364.8
409.6
643.2
347.2
281.6
864.0
344.0
332.8
360.0
892.8
281.6
228.8
790.4
409.6
294.4
318.4
1868.8
617.6
470.3
742.4
344.0
462.4
358.4
635.2
438.4
844.8
222.4
628.8
409.6
428.8
342.4
486.4
241.6
598.4
230.4
329.6
561.6
1024.0
1006.4
899.2
460.8
624.0
241.6
460.8
489.6
734.4
486.4
441.6
561.6
1152.0
380.8
409.6
512.0
544.0
1067.2
230.4
256.0
267.2
204.8
896.0
264.0
512.0
1088.0
323.2
640.0
478.3
382.3
640.0
129.6
620.8
409.6
412.8
464.0
844.8
520.0
395.2
204.8
1542.3
281.6
512.0
712.0
702.4
332.8
1302.4
163.2
486.4
1326.4
587.2
896.0
503.9
379.2
691.2
236.8
428.8
204.8
2884.8
1784.0
2790.3999
289.6
270.4
409.6
558.4
1212.8
1126.4
646.4
680.0
665.6
441.6
412.8
332.8
256.0
406.4
281.6
708.8
1264.0
998.4
363.1
1214.4
716.8
702.4
739.2
793.6
742.4
393.6
230.4
1110.4
382.3
1536.0
579.2
401.6
1510.4
340.8
779.2
1356.8
1065.6
2580.8
2227.2
1651.2
195.2
256.0
641.6
625.6
844.8
526.4
667.2
486.4
686.4
307.2
384.0
507.2
713.6
793.6
1644.8
412.8
332.8
622.4
256.0
1536.0
299.2
249.6
204.8
446.4
462.4
230.4
667.2
744.0
742.4
192.0
1086.4
204.8
475.2
1452.8
2124.8
356.8
1303.9
640.0
528.0
1676.8
307.2
356.8
515.2
332.8
375.9
372.8
1049.6
1345.6
409.6
1024.0
395.2
1100.8
256.0
446.4
1246.4
486.4
651.2
214.4
614.4
646.4
1070.4
1715.2
1110.4
247.9
358.4
718.4
377.6
332.8
158.4
572.8
998.4
625.6
1240.0
460.8
668.8
1232.0
588.8
209.6
436.8
1254.4
577.6
169.6
1920.0
1022.3
664.0
384.0
272.0
384.0
1408.0
447.9
577.6
665.6
436.8
369.6
2764.8
1753.6
195.2
256.0
347.2
172.7
1484.8
521.6
1393.6
588.8
651.2
468.8
896.0
297.6
273.6
230.4
286.4
571.2
640.0
547.2
248.0
486.4
1192.0
936.0
1177.6
230.4
265.6
358.4
561.6
272.0
640.0
945.6
278.4
281.6
686.4
454.4
204.8
305.5
657.6
230.4
320.0
1227.2
768.0
395.2
211.2
537.6
492.8
411.2
870.4
395.2
1363.2
793.6
320.0
1731.2
512.0
1294.4
561.6
384.0
284.8
1241.5
563.2
1664.0
1812.8
691.2
388.8
1739.2
1408.0
1070.4
966.4
716.8
539.2
240.0
358.4
636.8
556.8
204.8
318.4
732.8
1024.0
1417.6
363.1
1203.2
1446.4
446.4
460.8
187.1
1036.8
691.2
284.8
225.6
691.2
457.6
294.3
563.2
384.0
272.0
1024.0
590.3
1388.8
793.6
1686.4
811.2
998.4
886.4
276.8
691.2
595.2
556.8
716.8
395.2
720.0
204.8
1806.4
433.6
1024.0
1468.8
363.2
307.2
611.2
668.8
588.8
278.4
284.8
588.8
896.0
384.0
256.0
804.8
1248.0
204.8
971.2
268.8
691.2
206.4
371.2
307.2
792.0
524.8
435.2
363.2
1846.4
460.8
504.0
504.0
742.4
510.4
1414.4
537.6
521.6
1257.6
204.8
329.6
292.8
204.8
342.4
628.8
153.6
323.2
523.2
460.8
731.2
817.6
384.0
1203.2
532.8
435.2
281.6
524.8
179.2
1588.8
886.4
384.0
468.8
408.0
384.0
1152.0
779.2
460.8
432.0
680.0
921.6
408.0
919.9
640.0
1303.9
643.2
460.8
228.8
528.0
640.0
628.8
1072.0
153.6
419.2
364.8
409.6
409.6
272.0
384.0
256.0
278.4
281.6
990.4
249.6
1612.8
523.2
736.0
1612.8
884.8
416.0
1049.6
292.8
2140.8
1792.0
478.4
633.5
1484.8
552.0
428.8
1100.8
486.4
396.7
563.2
667.2
494.4
256.0
796.8
718.4
486.4
768.0
531.2
460.8
657.6
763.2
307.2
787.2
609.6
1203.2
755.2
2374.3999
1996.8
1574.4
326.4
460.8
558.4
820.8
614.4
672.0
425.6
640.0
723.2
1057.6
512.0
660.8
1468.8
486.4
435.2
278.4
409.6
705.6
560.0
1817.6
1401.6
2142.3999
230.4
1548.7
587.1
640.0
750.4
513.6
614.4
273.6
1126.4
512.0
689.6
531.2
1868.8
3419.2
1073.6
128.0
355.2
288.0
2329.6001
1571.2
889.6
460.8
1264.0
1136.0
230.4
3337.6001
249.6
1100.8
419.2
627.2
819.2
404.8
580.8
230.4
659.2
334.4
486.4
716.7
1145.6
588.8
1259.2
582.3
1484.8
396.8
185.6
409.6
819.2
512.0
1280.0
1683.2
612.8
512.0
238.4
267.2
332.8
497.6
464.0
332.8
1123.2
156.8
332.8
568.0
324.8
998.4
603.2
422.4
1203.2
198.4
1123.2
1177.6
588.8
518.4
793.6
558.4
579.2
2944.0
1486.4
361.6
204.8
270.4
936.0
1561.6
272.0
656.0
1152.0
974.4
380.8
153.6
568.0
1350.4
332.8
667.2
254.4
1408.0
1544.0
276.8
307.2
379.2
1593.6
793.6
1128.0
369.6
588.8
585.6
304.0
281.6
1603.2
398.4
1305.6
376.0
241.6
588.8
254.4
1035.2
1356.8
1288.0
907.2
716.8
804.7
4307.2002
793.6
507.2
329.6
281.6
430.4
566.4
332.8
340.8
395.2
204.8
480.0
611.1
1305.6
523.2
472.0
844.8
408.0
398.4
409.6
543.9
302.4
435.2
568.0
577.6
281.6
414.4
584.0
563.2
700.8
630.4
768.0
520.0
262.4
409.6
460.8
1025.6
486.4
508.8
289.6
1408.0
904.0
654.4
921.6
446.4
1124.8
128.0
1273.5
1502.4
1766.4
451.2
280.0
1280.0
1123.2
553.6
256.0
387.2
736.0
972.8
294.4
188.7
742.4
368.0
888.0
230.4
553.6
268.7
563.2
1040.0
662.4
921.6
945.6
777.6
230.4
1737.6
1196.8
588.8
227.2
921.6
2560.0
451.2
788.8
307.2
297.6
257.6
742.4
465.6
324.8
230.4
278.4
417.6
256.0
412.8
464.0
332.8
667.2
500.8
281.6
419.2
1129.6
460.8
227.2
305.6
768.0
411.2
486.4
384.0
648.0
408.0
384.0
488.0
758.4
384.0
227.2
430.4
307.2
502.4
640.0
384.0
291.2
510.4
1024.0
188.8
371.2
1715.2
284.8
336.0
332.8
489.6
4185.6001
1331.2
264.0
388.8
435.2
492.7
297.6
512.0
364.7
299.2
1638.4
492.8
688.0
793.6
670.4
329.6
281.6
262.4
422.4
307.2
265.6
247.9
358.4
494.4
512.0
384.0
300.8
460.8
256.0
256.0
387.2
332.8
712.0
323.2
256.0
415.9
299.2
230.4
382.4
260.8
435.2
259.2
214.4
614.4
206.4
238.4
384.0
369.6
473.6
179.2
292.8
353.6
179.2
299.2
233.6
716.8
372.8
296.0
793.6
4273.6001
2560.0
384.0
705.6
1201.6
1152.0
977.6
448.0
1587.2
716.8
404.8
563.2
1345.6
1057.6
1920.0
1040.0
526.4
793.6
625.6
998.3
1126.4
334.4
624.0
486.4
652.8
323.2
512.0
1121.6
692.8
2022.4
398.4
305.6
768.0
392.0
646.4
1561.6
902.3
283.2
1894.4
1064.0
1064.0
153.6
401.6
492.8
665.6
491.2
313.6
793.6
419.2
233.6
972.8
588.8
1031.9
2816.0
292.8
2532.8
1792.0
350.4
760.0
230.4
718.4
363.2
307.2
233.6
2401.6001
1331.2
1411.2
462.4
742.4
251.2
454.4
588.8
636.8
300.8
588.8
563.2
649.6
486.4
460.8
520.0
512.0
550.4
833.6
281.6
550.3
571.2
384.0
1091.2
276.8
947.2
304.0
304.0
665.6
276.8
324.7
358.4
249.6
484.8
512.0
375.9
369.6
204.8
364.7
288.0
409.6
216.0
211.2
665.6
790.4
801.6
896.0
900.8
315.2
384.0
532.8
328.0
179.2
340.8
512.0
256.0
291.2
235.2
307.2
233.6
868.8
256.0
457.6
294.4
179.2
347.2
689.6
128.0
457.6
289.6
256.0
308.8
244.8
537.6
528.0
406.4
281.6
280.0
272.0
384.0
244.8
425.6
384.0
390.3
284.8
204.8
523.2
352.0
204.8
214.4
496.0
358.4
160.0
537.6
256.0
296.0
297.6
256.0
369.6
332.8
384.0
324.7
358.4
1408.0
268.8
1343.9
563.2
190.4
465.6
307.2
560.0
296.0
281.6
656.0
515.2
332.8
264.0
280.0
256.0
342.4
230.4
384.0
462.4
235.2
307.2
233.6
353.6
179.2
572.8
361.6
332.8
188.8
243.2
307.2
1142.4
276.8
179.2
318.4
212.8
256.0
265.6
489.6
204.8
564.8
368.0
998.4
310.4
337.6
563.2
315.2
280.0
768.0
316.8
251.2
307.2
240.0
369.6
204.8
388.8
318.4
204.8
316.8
249.6
332.8
419.2
254.4
384.0
256.0
278.4
281.6
244.8
302.4
179.2
235.2
308.8
230.4
308.8
238.4
256.0
286.4
318.4
204.8
296.0
292.8
332.8
348.8
392.0
384.0
321.6
427.1
358.4
216.0
334.4
230.4
315.2
408.0
256.0
248.0
233.6
332.8
265.6
489.6
204.8
332.8
265.6
358.4
467.1
291.2
358.4
614.4
513.6
230.4
238.4
259.2
332.8
236.8
415.9
281.6
196.8
241.6
332.8
209.6
587.2
384.0
286.4
704.0
307.2
216.0
353.6
307.2
296.0
302.4
435.2
380.8
672.0
409.6
308.8
233.6
332.8
420.8
332.8
1024.0
600.0
334.4
230.4
312.0
843.2
384.0
275.2
334.4
230.4
211.2
416.0
409.6
947.2
532.8
563.2
631.9
366.4
384.0
310.4
212.8
384.0
249.6
332.8
512.0
694.4
340.8
256.0
435.2
640.0
384.0
672.0
409.6
384.0
398.4
675.2
358.4
299.2
249.6
204.8
425.6
524.7
563.2
529.6
488.0
358.4
344.0
340.8
640.0
416.0
561.6
512.0
520.0
515.2
332.8
702.4
347.2
281.6
444.8
489.6
332.8
611.2
283.2
230.4
446.4
344.0
716.8
520.0
528.0
512.0
433.5
643.2
332.8
307.2
404.8
691.2
196.8
628.8
921.6
1080.0
569.6
409.6
344.0
222.4
230.4
216.0
473.6
179.2
353.6
328.0
179.2
316.8
368.0
486.4
310.4
332.8
256.0
256.0
268.8
307.2
363.2
316.8
230.4
305.6
268.8
435.2
232.0
382.4
256.0
462.4
246.4
512.0
400.0
529.5
358.4
400.0
385.6
486.4
212.8
388.8
307.2
267.2
339.2
409.6
320.0
836.7
358.4
289.6
398.4
409.6
329.6
172.8
204.8
368.0
236.7
281.6
280.0
137.6
230.4
217.6
308.8
230.4
419.2
876.8
409.6
184.0
316.8
230.4
388.8
203.2
384.0
395.2
211.2
665.6
230.4
406.4
153.6
268.8
324.8
230.4
369.6
204.8
384.0
339.1
289.6
256.0
292.8
352.0
332.8
388.8
440.0
435.2
393.6
238.4
512.0
222.3
358.4
512.0
601.6
316.8
230.4
579.2
268.8
435.2
665.6
400.0
384.0
216.0
336.0
332.8
273.6
243.2
435.2
272.0
275.2
332.8
219.2
291.2
230.4
316.8
241.6
332.8
241.6
342.4
230.4
355.2
945.6
384.0
324.8
241.6
460.8
465.6
312.0
307.2
259.2
472.0
332.8
336.0
208.0
332.8
260.8
310.4
204.8
214.4
364.8
537.6
552.0
287.9
281.6
523.2
739.2
409.6
420.8
336.0
332.8
260.8
312.0
435.2
270.4
287.9
281.6
273.5
363.2
563.2
329.6
430.4
691.2
380.8
537.6
896.0
361.6
721.6
819.2
369.6
476.8
256.0
558.4
440.0
179.2
657.5
364.7
281.6
518.4
427.1
358.4
468.8
265.6
230.4
267.2
212.8
768.0
281.6
398.4
281.6
240.0
363.2
563.2
321.6
289.6
256.0
371.2
324.7
358.4
256.0
523.2
332.8
353.6
198.4
332.8
776.0
260.8
307.2
331.2
267.2
204.8
284.8
340.8
512.0
211.1
289.6
256.0
371.2
198.4
332.8
318.4
208.0
204.8
249.6
220.8
256.0
190.4
344.0
588.8
345.6
315.2
256.0
224.0
344.0
204.8
350.4
241.6
332.8
366.4
272.0
640.0
635.2
456.0
179.2
315.2
280.0
384.0
356.8
393.6
358.4
249.6
211.1
281.6
292.8
464.0
204.8
353.6
190.4
332.8
321.6
281.6
512.0
307.2
275.2
332.8
230.4
515.2
204.8
392.0
268.8
307.2
328.0
187.2
512.0
350.4
252.8
281.6
248.0
240.0
358.4
308.8
241.6
332.8
387.2
339.1
281.6
262.3
296.0
409.6
300.8
206.4
358.4
280.0
262.4
409.6
310.4
214.4
358.4
315.2
270.4
281.6
262.4
550.4
1075.2
329.6
420.8
460.8
267.2
208.0
332.8
377.6
342.4
486.4
291.2
488.0
614.4
390.4
680.0
537.6
411.2
248.0
230.4
601.6
454.4
204.8
579.2
396.7
563.2
496.0
254.4
512.0
395.2
334.4
230.4
216.0
224.0
844.8
352.0
206.4
358.4
291.2
363.2
179.2
480.0
334.4
358.4
212.8
257.6
230.4
630.4
275.2
332.8
356.8
259.2
460.8
273.5
371.1
563.2
265.6
246.4
384.0
486.4
272.0
384.0
260.8
454.4
1356.8
224.0
352.0
332.8
406.4
929.6
256.0
236.7
281.6
384.0
310.4
340.8
256.0
233.6
209.6
307.2
393.6
244.8
281.6
520.0
257.6
486.4
734.4
236.7
281.6
267.2
220.8
256.0
484.8
257.6
230.4
312.0
184.0
307.2
510.4
526.4
409.6
513.6
507.2
435.2
241.6
336.0
204.8
422.4
193.6
409.6
1137.6
460.8
256.0
548.8
344.0
204.8
526.4
539.2
358.4
300.8
484.8
512.0
542.4
707.2
384.0
574.4
848.0
204.8
535.9
649.6
230.4
523.2
472.0
204.8
384.0
270.4
409.6
584.0
582.4
332.8
710.4
592.0
332.8
201.6
547.2
230.4
308.8
254.4
256.0
315.2
396.8
435.2
243.2
694.4
204.8
328.0
318.4
460.8
542.4
441.6
793.6
608.0
729.6
307.2
267.2
732.8
256.0
177.6
257.6
358.4
220.8
390.4
409.6
571.2
408.0
256.0
536.0
902.4
409.6
408.0
404.8
1203.2
2172.8
539.2
742.4
1099.1
2712.0
512.0
596.8
396.8
179.2
1790.3
654.4
665.6
723.2
433.6
1024.0
625.6
1884.8
512.0
339.2
2841.6001
512.0
656.0
523.2
844.8
1528.0
2809.6001
716.8
1864.0
2740.8
2278.3999
753.6
228.8
768.0
345.5
572.8
870.4
1195.2
491.2
179.2
574.4
225.6
1075.2
326.4
982.4
486.4
478.4
510.4
1280.0
369.6
588.8
384.0
614.4
267.2
332.8
512.0
265.6
230.4
353.6
707.2
384.0
931.2
1640.0
230.4
1771.2
571.2
512.0
449.6
299.2
230.4
273.6
244.8
281.6
662.4
296.0
793.6
472.0
996.8
256.0
292.8
222.4
614.4
348.8
393.6
1894.4
542.4
2228.8
230.4
609.6
440.0
1459.2
384.0
515.2
972.8
2355.1001
2296.0
230.4
1582.4
459.2
512.0
254.4
2449.6001
1254.4
272.0
1540.8
819.2
259.2
1489.6
435.2
904.0
523.2
332.8
1795.2
851.2
1305.6
740.8
395.2
588.8
355.2
155.2
486.4
407.9
649.6
486.4
1755.2
177.6
384.0
646.4
667.2
358.4
427.2
1016.0
230.4
992.0
467.1
281.6
438.4
336.0
332.8
212.8
259.2
332.8
328.0
446.4
332.8
294.3
582.4
588.8
344.0
228.8
384.0
392.0
385.6
358.4
416.0
1062.4
307.2
1670.4
803.2
1510.4
1032.0
259.2
1868.8
164.8
353.6
435.2
651.2
344.0
460.8
492.8
678.4
819.2
732.8
2198.3999
281.6
374.4
260.8
435.2
347.2
420.8
332.8
238.4
259.2
1868.8
1257.6
345.6
819.2
772.8
822.3
2764.8
361.6
206.4
998.4
510.4
257.6
230.4
232.0
891.2
307.2
904.0
276.8
1587.2
307.2
280.0
512.0
318.4
220.8
1024.0
260.8
577.6
1305.6
264.0
280.0
384.0
211.2
548.8
716.8
353.6
699.2
1280.0
1030.4
2718.3999
179.2
286.4
316.8
230.4
1603.2
777.6
486.4
732.8
259.2
716.8
366.4
777.6
998.4
1377.6
184.0
1075.2
251.2
321.6
281.6
481.6
331.2
512.0
643.2
588.8
1920.0
310.4
1104.0
204.8
1676.8
699.2
768.0
315.2
897.6
358.4
404.8
452.7
358.4
379.2
321.6
921.6
190.4
473.6
691.2
648.0
267.2
332.8
409.6
408.0
512.0
580.8
500.8
665.6
729.5
571.2
384.0
275.2
606.4
486.4
396.7
571.2
512.0
625.6
848.0
332.8
241.6
1120.0
844.8
1174.4
419.2
486.4
326.4
206.4
358.4
564.8
374.4
1024.0
516.8
308.8
742.4
508.8
1561.6
256.0
166.4
313.6
1817.6
1459.2
387.2
460.8
1091.2
904.0
2304.0
2068.8
579.2
896.0
508.8
419.2
358.4
507.2
201.6
537.6
222.4
752.0
358.4
209.6
329.6
665.6
419.2
1150.4
384.0
260.8
566.4
204.8
220.8
516.8
819.2
315.2
1676.8
691.2
1124.8
1944.0
384.0
267.2
345.6
435.2
259.2
470.4
1382.4
470.4
230.4
640.0
3304.0
619.2
435.2
2270.3999
248.0
998.4
478.4
494.4
256.0
361.6
356.8
256.0
280.0
276.8
179.2
323.2
275.2
1612.8
1124.8
2438.3
281.6
265.5
760.0
486.4
342.4
358.4
384.0
587.2
262.4
409.6
350.3
364.8
537.6
265.6
240.0
358.4
534.4
665.6
256.0
398.4
304.0
537.6
201.6
286.4
307.2
411.2
382.4
1024.0
416.0
427.2
870.4
462.4
379.2
179.2
400.0
646.3
281.6
300.8
480.0
332.8
228.8
268.8
307.2
521.6
1912.0
1254.4
977.6
457.6
1049.6
264.0
270.4
281.6
276.8
329.6
409.6
337.6
1856.0
307.2
649.6
375.9
358.4
353.6
313.6
409.6
204.8
257.6
358.4
603.2
299.2
614.4
732.8
396.8
1459.2
512.0
644.8
435.2
548.8
590.4
614.4
244.8
304.0
281.6
284.8
216.0
332.8
209.6
456.0
563.2
182.4
484.8
256.0
265.6
488.0
614.4
326.4
355.2
409.6
256.0
387.2
332.8
265.6
617.6
716.8
408.0
516.8
563.2
528.0
278.4
281.6
344.0
350.4
230.4
387.2
612.8
256.0
414.3
1224.0
563.2
1118.4
887.9
358.4
470.4
241.6
332.8
363.2
577.6
281.6
270.4
430.4
307.2
201.6
283.2
870.4
336.0
214.4
358.4
233.6
219.2
281.6
246.4
648.0
384.0
521.6
614.4
512.0
401.6
236.8
537.6
622.4
264.0
384.0
179.2
395.2
204.8
268.8
184.0
307.2
473.6
179.2
512.0
459.2
524.8
179.2
364.8
552.0
537.6
268.8
318.4
332.8
446.4
350.4
614.4
606.4
249.6
588.8
592.0
604.8
384.0
275.2
462.4
486.4
238.4
401.6
230.4
159.9
281.6
256.0
420.8
612.8
896.0
179.2
398.4
1817.6
332.8
777.6
230.4
308.8
881.6
332.8
377.6
480.0
204.8
241.6
219.2
537.6
216.0
334.4
230.4
536.0
512.0
1024.0
560.0
684.8
332.8
532.8
313.6
409.6
374.4
273.6
614.4
508.8
292.8
460.8
587.2
513.6
1510.4
366.4
396.8
691.2
2328.0
385.6
486.4
1286.4
931.2
486.4
680.0
302.4
1203.2
918.4
680.0
1049.6
436.8
243.2
691.2
703.9
564.8
486.4
280.0
784.0
512.0
369.6
224.0
716.8
404.8
451.2
256.0
383.9
1129.6
204.8
1188.8
339.1
281.6
616.0
502.4
1024.0
406.4
800.0
921.6
411.2
235.2
435.2
371.2
708.8
742.4
604.8
1921.6
614.4
336.0
859.2
537.6
492.8
425.6
1152.0
3550.3999
251.2
307.2
1347.2
1299.2
460.8
339.2
553.6
256.0
452.8
230.4
512.0
518.4
164.8
204.8
379.2
201.6
281.6
212.8
529.6
486.4
299.2
243.2
435.2
504.0
494.4
256.0
430.4
203.2
256.0
368.0
628.8
281.6
278.4
281.6
256.0
318.4
339.2
409.6
611.2
427.2
998.4
243.2
313.6
921.6
344.0
601.6
691.2
281.6
267.2
332.8
892.8
160.0
537.6
484.8
521.6
1510.4
547.2
1520.0
614.4
248.0
1393.6
972.8
787.2
1379.2
409.6
280.0
272.0
512.0
308.8
374.4
256.0
272.0
272.0
256.0
374.4
534.4
281.6
323.2
268.8
435.2
310.4
974.4
358.4
1036.8
313.6
153.6
398.4
172.8
460.8
196.7
375.9
358.4
252.8
302.4
563.2
248.0
488.0
230.4
1272.0
233.6
460.8
212.8
646.3
281.6
324.8
230.4
384.0
452.8
236.8
537.6
256.0
264.0
256.0
1136.0
622.4
384.0
345.5
564.8
358.4
289.6
1172.8
179.2
350.4
241.6
332.8
334.4
248.0
486.4
203.2
532.8
307.2
609.6
444.8
1126.4
529.5
368.0
358.4
364.8
432.0
665.6
560.0
548.8
844.8
216.0
480.0
204.8
828.8
617.6
460.8
276.8
196.8
486.4
862.4
235.2
691.2
713.6
542.4
307.2
182.4
864.0
972.8
292.8
350.4
230.4
363.2
180.8
358.4
262.4
420.8
460.8
371.2
692.8
230.4
505.6
737.6
307.2
278.4
672.0
537.6
755.2
968.0
179.2
246.4
649.6
358.4
315.2
785.6
1638.4
526.4
296.0
409.6
1113.6
185.6
665.6
252.8
550.3
563.2
585.6
543.9
281.6
395.2
350.3
358.4
329.6
291.2
358.4
153.6
403.2
332.8
545.6
272.0
640.0
568.0
313.6
1049.6
435.2
520.0
512.0
587.2
276.8
435.2
368.0
361.6
844.8
384.0
276.8
307.2
307.2
392.0
640.0
515.2
340.8
640.0
686.4
1851.2
256.0
1062.4
838.4
332.8
532.8
587.2
256.0
480.0
219.2
537.6
876.7
302.4
307.2
571.2
275.2
460.8
417.6
278.4
281.6
292.8
596.8
256.0
430.4
307.2
384.0
198.4
731.2
281.6
262.4
425.6
256.0
227.2
542.3
1203.2
321.6
166.4
691.2
678.4
203.2
256.0
329.6
796.8
460.8
326.4
480.0
204.8
379.2
443.2
512.0
374.4
392.0
384.0
488.0
1262.4
384.0
352.0
478.3
358.4
643.2
334.4
1126.4
560.0
174.4
947.2
892.8
665.6
384.0
371.2
1355.2
256.0
656.0
779.2
716.8
385.6
254.4
256.0
230.4
408.0
256.0
569.5
304.0
281.6
715.2
268.8
307.2
2156.8
164.8
332.8
340.8
385.6
486.4
572.8
374.4
384.0
606.3
379.2
307.2
379.2
566.4
716.8
235.2
451.2
384.0
384.0
515.2
332.8
771.2
732.8
384.0
177.6
387.2
716.8
620.8
944.0
665.6
379.2
696.0
1331.2
1380.8
273.6
614.4
1140.8
814.4
307.2
467.2
678.4
691.2
398.4
681.6
256.0
376.0
236.8
1049.6
419.2
489.6
204.8
350.3
372.8
537.6
311.9
1212.8
358.4
662.4
289.6
384.0
291.2
374.4
256.0
652.8
1080.0
307.2
576.0
692.8
358.4
1284.8
307.2
768.0
512.0
532.8
307.2
